# Results of the simulations. Done for the three-param LD law with:
# Period = 1.0, t0 = 0.0, b = 0.3, N = 1000 and n_try = 100
#
# gnum 	 input_p 	 input_a 	 input_teff 	 p_fixed 	 sigma_p_fixed 	 p_float 	 sigma_p_float 	 a_fixed 	 sigma_a_fixed 	 a_float 	 sigma_a_float	 i_fixed 	 sigma_i_fixed 	 i_float 	 sigma_i_float
0	0.01	3.27	3500.0	0.00996402394411	3.37815471963e-07	0.0100136456813	1.50793283586e-07	3.31993126474	0.000437774876212	3.2556542913	0.000180729435408	85.8050044505	0.0103116074414	84.4472365651	0.00346298241176
0	0.01	3.27	3750.0	0.00995561723167	3.51040495335e-07	0.0100142675887	2.37190121201e-07	3.33005957299	0.000446265092616	3.25508721314	0.000269935245403	86.0501682993	0.0111227477448	84.4360826789	0.00511621846129
0	0.01	3.27	4000.0	0.00994423235267	9.30280940566e-08	0.0100175276477	1.74493482723e-07	3.33322532441	0.000101039518267	3.25382999904	0.000197676111738	86.1330432527	0.00253495817296	84.4111971843	0.00365832913301
0	0.01	3.27	4250.0	0.00993296312456	6.70981856132e-08	0.0100243252854	3.19524242399e-07	3.3350574764	6.24324904301e-05	3.25018492834	0.000273095199215	86.183948169	0.00157169217936	84.3398156705	0.00521026482836
0	0.01	3.27	4500.0	0.00992499579895	1.05872783717e-07	0.0100230225606	4.00350230958e-07	3.34264291098	9.74153847753e-05	3.25135469778	0.000400499608947	86.3831635789	0.00263868454552	84.3624968782	0.00743156555197
0	0.01	3.27	4750.0	0.00992575294902	1.45238097695e-07	0.0100134694106	5.61404156235e-07	3.34593176929	0.00014407373248	3.2591826243	0.000550668614313	86.4703426295	0.00391120933048	84.5144080153	0.0105794945988
0	0.01	3.27	5000.0	0.00992705312197	1.6683122482e-07	0.0100091435682	3.97602211253e-07	3.34962327822	0.000173077623748	3.26267461575	0.000404506797377	86.5705517933	0.00492534762934	84.5834371721	0.00785456607268
0	0.01	3.27	5250.0	0.00993320802534	2.08449610347e-07	0.0100085784605	3.0019872329e-07	3.34860801034	0.000237007962178	3.26264001137	0.0003268120201	86.5399624223	0.00659882882649	84.5833197735	0.00638374144854
0	0.01	3.27	5500.0	0.00994543098006	2.84794126798e-07	0.0100107410371	3.6484438573e-07	3.33952434891	0.000346183369755	3.25953368226	0.000455076485076	86.2930920657	0.00910916022914	84.5230623442	0.00875032110732
0	0.01	3.27	5750.0	0.00995941786628	2.94952899646e-07	0.0100120296751	1.87438270114e-07	3.32593207876	0.000384503875224	3.25709687983	0.000226456397375	85.9496191372	0.00934610986764	84.4763239943	0.00438492792082
0	0.01	3.27	6000.0	0.00997107553249	2.97598317701e-07	0.0100094439659	2.69601253643e-07	3.31310314593	0.000412757186444	3.25929157428	0.000334118715998	85.6470703304	0.0094444919728	84.5198638672	0.00650143224036
0	0.01	3.27	6250.0	0.00997829718077	2.68183794959e-07	0.0100075896813	3.96388078093e-07	3.30462086418	0.000392727827168	3.26099598301	0.00054052067279	85.4563510673	0.00865302063431	84.5537840636	0.0105310013899
0	0.01	3.27	6500.0	0.00998126655636	2.01492541863e-07	0.0100068517808	2.8899042685e-07	3.30152345686	0.000307594423853	3.26151895072	0.000383814511344	85.3883037213	0.00669905110975	84.564367106	0.00752237052686
0	0.01	3.27	6750.0	0.00998344739819	2.16722994072e-07	0.0100060673254	9.04183392568e-08	3.29917543559	0.000344696575191	3.26230528424	0.000137988308703	85.3372578424	0.00743841728056	84.5799273234	0.00268824162427
0	0.01	3.27	7000.0	0.00998469874626	2.08504679645e-07	0.0100060240423	2.85519815379e-07	3.29811309113	0.000342290574505	3.26210997598	0.000447712416069	85.3142933522	0.00735525539291	84.5761690586	0.00870244895417
0	0.01	3.27	7250.0	0.00998564988312	1.90130830086e-07	0.0100061234119	2.27964505154e-07	3.29750440567	0.000320866269972	3.26175641682	0.000354230930922	85.3011795544	0.00687942487952	84.5691613077	0.00689990330575
0	0.01	3.27	7500.0	0.00998690149349	1.38755340432e-07	0.010005958735	2.82328509891e-07	3.29622361379	0.000241574931811	3.26181285769	0.000462590219541	85.2737205761	0.00514806952073	84.5702416047	0.00903244666686
0	0.01	3.27	7750.0	0.00998816463316	1.49321716219e-07	0.0100059402451	3.11957666621e-07	3.29468837187	0.000267211108145	3.26167439631	0.000512326821532	85.2409896545	0.00567117351983	84.5674908195	0.00997606686406
0	0.01	3.27	8000.0	0.00998819662369	1.32733677865e-07	0.0100061112441	2.56260115318e-07	3.29493945272	0.000240938917285	3.26136221521	0.000398304101052	85.2463524409	0.00510819240024	84.5613507209	0.00777499445602
0	0.01	3.27	8500.0	0.00998530774076	1.88691137831e-07	0.0100067283504	3.25461437482e-07	3.29861238399	0.000321278986533	3.260905505	0.000494447363098	85.3251809152	0.00691837998385	84.5522886243	0.00963864483269
0	0.01	3.27	8750.0	0.00997996337812	2.04118859541e-07	0.0100073983739	3.36447449414e-07	3.30820864139	0.000347696509539	3.25997560643	0.00054895782721	85.5361153047	0.0077815432067	84.5336436731	0.0106076241825
1	0.07	3.27	3500.0	0.0700819612933	7.1765708465e-08	0.0700324179849	6.5220257226e-08	3.26104487032	1.18800575959e-05	3.27053042139	1.70597216547e-06	84.5473703372	0.00023323486654	84.7207583475	6.61855443079e-05
1	0.07	3.27	3750.0	0.0700820474765	8.81753413292e-08	0.0700339321076	4.99481815349e-08	3.26149935567	1.44285419197e-05	3.27054614266	1.62991440915e-06	84.5551573087	0.000283504788849	84.7199328585	5.57369847965e-05
1	0.07	3.27	4000.0	0.0700741319172	8.46986860149e-08	0.070038113512	3.7939462419e-08	3.26451819343	1.17663096853e-05	3.27060942115	3.65520592844e-06	84.6110098124	0.000236331285474	84.7184240191	9.09216977173e-05
1	0.07	3.27	4250.0	0.0700708877829	1.42583817651e-08	0.0700485096691	8.38652654792e-08	3.26692462509	1.69668770054e-06	3.27076137238	4.87708260164e-06	84.6529916831	3.36238550984e-05	84.7141401121	0.000142497640781
1	0.07	3.27	4500.0	0.0700796941878	2.23964159764e-07	0.0700796994784	2.30531524752e-07	3.26628046533	2.66849608609e-05	3.26627984263	2.74418831712e-05	84.6385117462	0.000537273029361	84.6384991469	0.000553199042872
1	0.07	3.27	4750.0	0.0700864356943	1.81687823521e-07	0.0699658525867	9.80927620462e-08	3.2646259209	2.29259409764e-05	3.27374854	6.1236658163e-06	84.6081827796	0.000458402999902	84.8171702192	0.000155371598798
1	0.07	3.27	5000.0	0.0700914051642	1.72620593452e-07	0.0699593790222	6.8137575999e-08	3.26313993444	2.32102078468e-05	3.27390165044	3.4547616299e-06	84.5809388838	0.000460244339869	84.8253164991	9.72418277892e-05
1	0.07	3.27	5250.0	0.0700906025771	6.83060481082e-08	0.0699663163101	5.08719515957e-08	3.2622315465	9.7467967452e-06	3.27352898613	3.17057601176e-06	84.565337086	0.000193585879074	84.8157680684	8.25736244749e-05
1	0.07	3.27	5500.0	0.0700828029957	6.47388668159e-08	0.0699846038799	4.27868524241e-08	3.26217054185	1.00663005813e-05	3.27260601744	4.08305337775e-06	84.5667172011	0.000199797443439	84.7887831931	9.47254315409e-05
1	0.07	3.27	5750.0	0.0700709899272	8.05789087842e-08	0.0700119000785	1.61605676644e-08	3.262762065	1.34480632884e-05	3.27117913175	7.65737124848e-07	84.5809315203	0.00026570633399	84.7462876236	2.32831065597e-05
1	0.07	3.27	6000.0	0.0700582216253	1.04616627917e-08	0.0700240732858	1.05267377803e-07	3.2637364349	1.87836475089e-06	3.27034884858	4.97990044017e-06	84.6023597305	3.56281148335e-05	84.7238357469	0.000157019538623
1	0.07	3.27	6250.0	0.0700487768292	5.36937513638e-09	0.0700204490576	8.84528381746e-08	3.2645577442	9.12689375565e-07	3.27029160302	4.38879028769e-06	84.6200875218	1.70582942837e-05	84.7255002008	0.000136921796344
1	0.07	3.27	6500.0	0.0700440084298	5.01142412421e-09	0.0700188543972	7.95464359481e-08	3.26501180217	8.96758929753e-07	3.27026439262	4.00950780431e-06	84.6296990497	1.69502289237e-05	84.7261759297	0.000124652133779
1	0.07	3.27	6750.0	0.0700411226486	3.97498586933e-09	0.070017881152	4.25618017844e-08	3.26526113594	8.20169095918e-07	3.27024588506	2.1928002077e-06	84.6350549396	1.55148368958e-05	84.7265494693	6.79045330806e-05
1	0.07	3.27	7000.0	0.0700403398759	7.87558199109e-09	0.0700176319604	9.00996449189e-08	3.26526661817	1.6259544101e-06	3.27024225854	4.82229961423e-06	84.6353027935	3.05529252039e-05	84.7266299292	0.00014814599785
1	0.07	3.27	7250.0	0.070040742988	5.1764066781e-09	0.070017883216	7.25921839627e-08	3.26511830122	1.06989411558e-06	3.27024310043	3.84664724835e-06	84.6323559083	2.018391152e-05	84.7264052492	0.000119581322228
1	0.07	3.27	7500.0	0.0700414063652	5.38141163318e-09	0.0700181217426	6.86851043459e-08	3.2649061437	1.12893765942e-06	3.270244723	3.65414472472e-06	84.6281778887	2.15694020957e-05	84.7262083713	0.000113560450193
1	0.07	3.27	7750.0	0.070041803368	5.59814198791e-09	0.0700182160021	7.39053600847e-08	3.26472818437	1.09213005484e-06	3.2702446305	4.03435101684e-06	84.6247263916	2.08277101297e-05	84.7260999771	0.000124583845315
1	0.07	3.27	8000.0	0.0700430266706	4.15491030401e-09	0.0700186874649	7.07650528016e-08	3.26453628117	8.11545774319e-07	3.27024952945	3.90364805359e-06	84.6207805281	1.49912340989e-05	84.7258066399	0.000118287981437
1	0.07	3.27	8500.0	0.0700470855601	6.0497100328e-09	0.0700198542822	7.61416155989e-08	3.26420603796	1.1324658158e-06	3.27025918398	4.17150701687e-06	84.6135949564	2.11840031975e-05	84.7251641778	0.000127738735754
1	0.07	3.27	8750.0	0.0700512201526	6.14170508071e-09	0.0700224339821	7.30344332489e-08	3.26402265533	1.26402734891e-06	3.27028489415	3.91181903961e-06	84.6087141267	2.39354963756e-05	84.7236025296	0.000121319618971
2	0.13	3.27	3500.0	0.130152861499	1.69191749325e-08	0.130052624477	1.05225353517e-07	3.26306290906	1.31321078748e-06	3.27131101405	1.19501851177e-07	84.5734885204	2.63097081249e-05	84.7359857628	3.98080532803e-05
2	0.13	3.27	3750.0	0.130162345503	1.33467846559e-08	0.130054954546	1.26518933593e-07	3.26276964837	1.01747858471e-06	3.27136899372	1.87717540707e-07	84.5659514026	2.03505071781e-05	84.7359814756	4.69954542745e-05
2	0.13	3.27	4000.0	0.130189257352	1.14703757066e-08	0.130060575011	1.10268311205e-07	3.2626205299	7.70238307183e-07	3.27151086791	4.88313042567e-08	84.5587929718	1.55282277601e-05	84.7359997643	4.17968720834e-05
2	0.13	3.27	4250.0	0.130251119561	1.20027984105e-07	0.130075401376	1.48826343227e-07	3.26133225485	7.11166323796e-06	3.27188898094	5.25064298399e-08	84.5243916549	0.000144595767267	84.7361001855	4.88242686495e-05
2	0.13	3.27	4500.0	0.130271599279	8.18234028861e-08	0.130271597848	8.30404312248e-08	3.26059958493	4.84245644516e-06	3.26059966955	4.9158216708e-06	84.5071268485	9.77919364687e-05	84.5071285599	9.92577910766e-05
2	0.13	3.27	4750.0	0.130244988995	9.46435838526e-08	0.129932458289	1.5109832438e-08	3.26109529627	5.91393617879e-06	3.27075846489	3.51130745441e-07	84.5208787033	0.000119683219118	84.7739460976	8.71050859123e-06
2	0.13	3.27	5000.0	0.130224560405	1.78009615278e-08	0.129921145328	1.44832526598e-08	3.26139413771	1.14038968468e-06	3.27058236456	5.80611435548e-07	84.5297351235	2.27641833487e-05	84.7761800291	1.40867273408e-05
2	0.13	3.27	5250.0	0.130202365904	1.21816218082e-08	0.129931829409	1.47886621619e-08	3.26180857032	8.58132962674e-07	3.27057254286	2.42904631464e-07	84.5409949795	1.73435943002e-05	84.7723889761	8.57472683898e-06
2	0.13	3.27	5500.0	0.130175136568	1.29605838828e-08	0.129962963107	3.39460475826e-08	3.26253356981	9.86089953368e-07	3.27068956557	4.54965663916e-07	84.5591267365	2.05564265692e-05	84.7622248284	1.77687976947e-05
2	0.13	3.27	5750.0	0.13014579428	2.6651459103e-08	0.130010918891	9.79630105036e-10	3.26349088796	2.11154328226e-06	3.27090912331	1.48322123389e-07	84.5822974354	4.2545842024e-05	84.7465093893	2.42580797176e-06
2	0.13	3.27	6000.0	0.130119020169	3.66214909566e-08	0.13003923979	9.72761218272e-08	3.26446899101	3.13850983914e-06	3.27097629368	2.76854803471e-08	84.6056284829	6.3685942128e-05	84.7360042788	3.85001727849e-05
2	0.13	3.27	6250.0	0.13010030822	3.91422138676e-08	0.130033505306	1.22038092733e-07	3.26519158943	3.61585607188e-06	3.27083285025	1.42810136711e-08	84.6227691059	7.37870994845e-05	84.7360074158	4.96241072258e-05
2	0.13	3.27	6500.0	0.130092178551	1.79346035954e-08	0.130031055481	9.92363757376e-08	3.26548758643	1.7760329475e-06	3.27077071623	1.95374654808e-08	84.6297536694	3.67484328633e-05	84.7359950426	4.07692193133e-05
2	0.13	3.27	6750.0	0.130087028323	3.4072562398e-08	0.130029498402	1.31173764998e-07	3.26566197169	3.42930951895e-06	3.27073213278	4.78633006257e-08	84.6339178122	7.00845468999e-05	84.7360021886	5.56878500457e-05
2	0.13	3.27	7000.0	0.130085722266	4.9293114311e-09	0.130029265004	1.08116555767e-07	3.26565871541	5.05948132856e-07	3.27072529302	3.38486644637e-08	84.6339361244	1.09013743745e-05	84.7359859562	4.48725731719e-05
2	0.13	3.27	7250.0	0.130086622377	4.22567371228e-10	0.130029792345	6.81687461226e-08	3.26554164467	1.09860887681e-07	3.27073726923	3.57853235483e-08	84.6313302544	2.5980105262e-06	84.7359656417	2.80278344481e-05
2	0.13	3.27	7500.0	0.130087479012	2.63965824769e-08	0.130030241617	1.10378498688e-07	3.26542176604	2.89332923773e-06	3.27074883924	6.7318815546e-08	84.6287205072	5.92934233847e-05	84.7359715559	4.62450617751e-05
2	0.13	3.27	7750.0	0.130087652281	1.99041658945e-08	0.13003047517	9.07819066424e-08	3.26534517903	2.23962937004e-06	3.27075422137	4.25648395081e-08	84.627111637	4.58781217449e-05	84.7359640413	3.81545691547e-05
2	0.13	3.27	8000.0	0.130090078648	3.00318611243e-08	0.130031288935	8.84618058379e-08	3.26519536766	3.37020305908e-06	3.27077437698	4.01950406873e-08	84.6236806115	6.88061674264e-05	84.735960804	3.78256014488e-05
2	0.13	3.27	8500.0	0.130097740213	3.38457485452e-08	0.130032975628	1.31745371606e-07	3.26493025144	3.56467632027e-06	3.27081804442	1.01936476606e-07	84.6172989491	7.26298746746e-05	84.7359869249	5.61446034974e-05
2	0.13	3.27	8750.0	0.13011182427	2.37063285742e-08	0.130037260061	1.61617439902e-07	3.26427542869	2.48098659508e-06	3.27092411495	2.22752658914e-07	84.6015705942	5.05161924207e-05	84.7359703212	7.05678449801e-05
3	0.01	3.92	3500.0	0.00996401352465	2.55761216229e-07	0.0100134750905	6.93447064116e-07	3.98176872475	0.000410620830999	3.9024634897	0.00103371755398	86.5038341224	0.006538805838	85.372508134	0.0133977133722
3	0.01	3.92	3750.0	0.00995555115217	1.61131097615e-07	0.0100141836529	7.52291810459e-07	3.9943705739	0.000253856843649	3.9016499586	0.00110224538287	86.7098529529	0.00425887906733	85.3617435287	0.0142873978431
3	0.01	3.92	4000.0	0.00994431848514	6.98216676542e-08	0.0100169315942	5.93840043285e-07	3.99805606609	9.44058229725e-05	3.90074370883	0.00077708813922	86.7750429762	0.00158505223044	85.3492889643	0.010015882767
3	0.01	3.92	4250.0	0.00993312393709	1.2719751828e-07	0.0100245053548	5.51658600561e-07	4.00025303663	0.000145985788703	3.89525695968	0.000617549379941	86.8162538979	0.0025020557168	85.2771007369	0.00782669098683
3	0.01	3.92	4500.0	0.00992513121467	1.93782483307e-07	0.0100231041577	8.28863304705e-07	4.00965639242	0.000219409674944	3.8968232257	0.00096656020401	86.9827999111	0.00397170489314	85.2975292517	0.0122529708065
3	0.01	3.92	4750.0	0.00992584021392	2.34705703327e-07	0.0100133953963	5.58710060364e-07	4.01376926011	0.000283276243981	3.90667691612	0.000674929926498	87.0564006347	0.00520929302511	85.4266444769	0.00875445663983
3	0.01	3.92	5000.0	0.00992697209701	2.17918067676e-07	0.0100090098231	4.73350727458e-07	4.01854241658	0.00028170532914	3.91109460318	0.000614704016408	87.1439967167	0.00532373747588	85.4855558131	0.00803210643342
3	0.01	3.92	5250.0	0.00993309845755	2.16477416617e-07	0.0100084469998	5.01213957852e-07	4.01733567348	0.000299190143889	3.9110645469	0.000699231130699	87.1193920824	0.00555756979486	85.4855901583	0.00909302752367
3	0.01	3.92	5500.0	0.00994532318007	2.22574019031e-07	0.0100108352802	4.77935295679e-07	4.0061249899	0.00033494885803	3.9068994717	0.000707322225247	86.9136186714	0.00596036192427	85.4310678554	0.00909263127979
3	0.01	3.92	5750.0	0.00995942700736	2.14628294015e-07	0.0100114509461	6.69315558905e-08	3.98914913201	0.000346223159279	3.90489907682	0.000105440721318	86.6239079071	0.00567533160555	85.4051685898	0.00135796572629
3	0.01	3.92	6000.0	0.00997104301027	1.91091391088e-07	0.0100090929724	7.57184538511e-08	3.97336341464	0.000330250024313	3.90731609638	0.000122473857612	86.3725418049	0.00506494914952	85.4376890797	0.00159080152793
3	0.01	3.92	6250.0	0.00997823174352	1.84519759131e-07	0.0100074729102	9.31952903382e-08	3.96294222483	0.000333979746651	3.90905494819	0.000166220283315	86.2142706686	0.00498928777878	85.4611950741	0.00215782850916
3	0.01	3.92	6500.0	0.00998125290738	1.81418050938e-07	0.0100066709345	6.18039473514e-08	3.95901976623	0.000345303786794	3.90984090058	0.000112643987712	86.1560742844	0.00510355076883	85.4718358373	0.00146855525522
3	0.01	3.92	6750.0	0.0099833488002	1.35633490098e-07	0.0100061763463	1.09424036836e-07	3.95628541583	0.000266008554931	3.91027992554	0.000210282314606	86.1159106377	0.00388335436462	85.4778173187	0.00273636277486
3	0.01	3.92	7000.0	0.00998471336941	1.66920932399e-07	0.0100059658398	5.22546785056e-08	3.95474952098	0.00033908045631	3.91035480064	0.000103732020596	86.0934965084	0.0049393680167	85.4788419959	0.00135191983288
3	0.01	3.92	7250.0	0.00998565742428	1.67528560435e-07	0.0100059151049	4.63119600492e-08	3.9540147762	0.000352460568318	3.91019511797	9.22480338946e-05	86.082806505	0.00511491301415	85.476679321	0.00120706323087
3	0.01	3.92	7500.0	0.00998688849641	1.25632241703e-07	0.0100058843607	3.99746953508e-08	3.95247687647	0.000271781709117	3.91002540366	7.76945428275e-05	86.0605371704	0.00392816363826	85.4743933841	0.00101824164591
3	0.01	3.92	7750.0	0.00998813357336	1.22611362476e-07	0.010005833349	4.83364463029e-08	3.95062204227	0.000269851080059	3.9099205206	0.000101683099699	86.0338297927	0.00387325477903	85.4729950633	0.00132279040204
3	0.01	3.92	8000.0	0.00998818281442	1.17505542753e-07	0.0100059442863	3.8323214413e-08	3.95089567573	0.000263213499931	3.90966895958	8.21460202851e-05	86.0377797746	0.00378086521979	85.4695961874	0.00106958684578
3	0.01	3.92	8500.0	0.00998527177445	1.38296827678e-07	0.0100065608444	6.9012927163e-08	3.95547936727	0.000294797244554	3.90908510084	0.000143621198506	86.1042192557	0.00429132858765	85.4617754608	0.00186768669564
3	0.01	3.92	8750.0	0.00997984118989	1.42400668505e-07	0.0100073434775	5.47035759983e-08	3.96752398499	0.00030339932804	3.90771602181	0.00010783244092	86.2831004119	0.00458727332939	85.443343108	0.00140344556526
4	0.07	3.92	3500.0	0.0700820702545	2.15826676771e-08	0.0700324922103	1.7188901246e-07	3.90889482402	4.75269166521e-06	3.92060371873	1.12901366684e-05	85.4531084723	6.41136912386e-05	85.5979447982	0.000220961386713
4	0.07	3.92	3750.0	0.0700821396702	6.27264455351e-09	0.0700340269408	1.51833772194e-07	3.90946065475	1.44769886479e-06	3.92061884254	1.00287850565e-05	85.4596845456	1.97754161795e-05	85.5972180701	0.0001954538703
4	0.07	3.92	4000.0	0.0700741505243	3.93369784593e-09	0.0700381823748	2.05252409651e-07	3.91320412667	6.95250923235e-07	3.92069270677	1.2324404382e-05	85.5065319203	8.62033517415e-06	85.5959812561	0.00024364287626
4	0.07	3.92	4250.0	0.0700708712575	2.73296691566e-08	0.0700486524301	2.0232547419e-07	3.91617688482	4.08614404364e-06	3.92086273966	9.25321530535e-06	85.5416713839	5.4085386179e-05	85.5923217487	0.000199833300161
4	0.07	3.92	4500.0	0.0700795523807	3.8986115524e-08	0.0700795568471	4.37445954456e-08	3.9153964067	5.75346734034e-06	3.91539573783	6.49239224408e-06	85.529842751	7.65591536808e-05	85.5298337163	8.62661475982e-05
4	0.07	3.92	4750.0	0.07008638108	2.27026783127e-08	0.0699656754577	1.62168048111e-08	3.91334083851	3.5909788803e-06	3.92466349148	2.08240700843e-06	85.504336443	4.54081581589e-05	85.6787960404	2.89037484589e-05
4	0.07	3.92	5000.0	0.0700913615153	6.79346924302e-09	0.0699591860189	2.61308148169e-08	3.91150483009	1.15125761302e-06	3.92486427835	2.75434804357e-06	85.4815639686	1.56188176484e-05	85.6856320938	4.32128087421e-05
4	0.07	3.92	5250.0	0.0700905618138	1.09992465644e-08	0.0699661316443	1.62650770478e-08	3.9103852901	2.07006327769e-06	3.92439916521	2.29508728223e-06	85.4685359816	2.81353319982e-05	85.6776532494	3.37487746367e-05
4	0.07	3.92	5500.0	0.0700829104524	5.60073166591e-09	0.0699845784612	1.13953820355e-08	3.91028633259	9.67630304203e-07	3.9232258596	1.39208781216e-06	85.4693151234	1.23602684652e-05	85.654856168	2.02619440025e-05
4	0.07	3.92	5750.0	0.0700710521054	2.12388360312e-09	0.0700118551072	2.57168251677e-08	3.91102977093	4.33767712964e-07	3.92143699648	2.88473079206e-06	85.4812810731	6.17974753192e-06	85.6194024665	4.59585836742e-05
4	0.07	3.92	6000.0	0.0700583389019	2.22407054673e-09	0.0700241265016	1.64996586342e-07	3.91222539836	3.77199315315e-07	3.920391221	1.20251807916e-05	85.4989931052	4.44148461527e-06	85.6005093794	0.000228855519365
4	0.07	3.92	6250.0	0.0700488806046	3.45184934942e-09	0.0700205072798	1.13706105548e-07	3.91324515525	6.42497545137e-07	3.92032524624	8.6948582586e-06	85.5138126197	8.06962297275e-06	85.6018901615	0.000163208835875
4	0.07	3.92	6500.0	0.0700441056217	4.45168924696e-09	0.0700188882653	1.27106017366e-07	3.91380902972	7.86479520281e-07	3.92029568403	9.93632240821e-06	85.521853508	9.98499877752e-06	85.6024882201	0.000186456541436
4	0.07	3.92	6750.0	0.0700412162946	4.57279706227e-09	0.0700179184072	7.90415777847e-08	3.91411887498	9.28680648606e-07	3.92027347823	6.27276753959e-06	85.5263348213	1.17183239497e-05	85.6027899101	0.000117380143004
4	0.07	3.92	7000.0	0.0700404322758	7.91538185083e-09	0.0700176803548	1.07625363492e-07	3.91412631988	1.67968819292e-06	3.92026870172	8.68016639852e-06	85.5265470305	2.16282747126e-05	85.6028432542	0.000162484781728
4	0.07	3.92	7250.0	0.0700408403408	1.01063080416e-08	0.0700178725722	1.71418766241e-07	3.91394192517	2.14592160197e-06	3.92027393868	1.45121815372e-05	85.5240740801	2.7738492078e-05	85.6027438677	0.000272370458715
4	0.07	3.92	7500.0	0.0700415104339	6.84012262231e-09	0.0700181633715	1.0713543437e-07	3.91367813129	1.39206519984e-06	3.92027130884	9.09396066195e-06	85.5205666162	1.81017277341e-05	85.6024999497	0.000168665135173
4	0.07	3.92	7750.0	0.0700419094253	6.21694878171e-09	0.0700182448998	1.18107276568e-07	3.91345766064	1.23089121905e-06	3.92027197767	1.00761746714e-05	85.517677926	1.55139765743e-05	85.6024282543	0.000186896230041
4	0.07	3.92	8000.0	0.0700431384752	5.43895505867e-09	0.0700187236093	1.2233897322e-07	3.91321894938	1.0113110765e-06	3.92027667824	1.04016999969e-05	85.5143687467	1.2529595763e-05	85.6021718543	0.00019321829724
4	0.07	3.92	8500.0	0.0700472036988	5.47051545283e-09	0.0700199083219	1.0501048958e-07	3.91280826171	1.06165247792e-06	3.92028546825	8.86217285728e-06	85.5083550518	1.38010302787e-05	85.6016072076	0.000163984224304
4	0.07	3.92	8750.0	0.0700513500077	5.58881927877e-09	0.0700225085709	9.57910935008e-08	3.91258034978	1.12546651184e-06	3.92031158282	8.35569754546e-06	85.5042926483	1.43062128166e-05	85.6002707333	0.000152508135403
5	0.13	3.92	3500.0	0.130153010052	2.32329794493e-08	0.130052720939	1.32562580359e-07	3.91135974786	2.31962744202e-06	3.92157228263	1.01717518532e-07	85.4748651999	3.15343073764e-05	85.6107053779	4.17844030726e-05
5	0.13	3.92	3750.0	0.130162501925	2.29786221414e-08	0.130055083251	1.23132827466e-07	3.91099360683	2.23938376955e-06	3.92164186053	5.97147624378e-08	85.4685699032	3.03954171484e-05	85.6106924409	3.88340929205e-05
5	0.13	3.92	4000.0	0.130189415756	1.70212332324e-08	0.130060654174	1.89173837648e-07	3.91080281898	1.37951536806e-06	3.92181192808	1.45145704969e-07	85.462611793	1.86356637443e-05	85.6107236001	5.82167139773e-05
5	0.13	3.92	4250.0	0.130251234994	2.60130010102e-08	0.130075580078	1.67466009991e-07	3.90919563552	1.89182551923e-06	3.92226568271	9.95821509999e-08	85.4339377242	2.60610827817e-05	85.6107818256	5.12454381621e-05
5	0.13	3.92	4500.0	0.130271732859	1.35739882525e-07	0.13027173124	1.34374116993e-07	3.90828197664	9.94759750675e-06	3.90828209376	9.85046058263e-06	85.4194985754	0.000135584131691	85.4195001826	0.000134227629644
5	0.13	3.92	4750.0	0.130245137449	4.73662299318e-08	0.12993221825	1.90951312601e-08	3.90890143183	3.6593433141e-06	3.92098271449	7.9189771693e-07	85.4309622118	4.99787893358e-05	85.6425225275	1.37543770364e-05
5	0.13	3.92	5000.0	0.130224742546	2.33407125563e-08	0.129920892386	3.93137523412e-08	3.90927365231	1.88177602066e-06	3.92077619272	1.16965894908e-06	85.4383149271	2.56141815061e-05	85.6443964736	2.38866547686e-05
5	0.13	3.92	5250.0	0.130202538698	1.11437199153e-08	0.129931600634	2.01154280173e-08	3.90979258988	9.97169178236e-07	3.92075714273	8.89707800635e-07	85.4477215868	1.34842688739e-05	85.6412216797	1.64351206683e-05
5	0.13	3.92	5500.0	0.130175280787	3.07994803335e-08	0.129962782763	3.32249072748e-08	3.91069906352	2.85685069263e-06	3.92087803841	5.76060646222e-07	85.4628924201	3.8785587459e-05	85.6327180322	1.49998269695e-05
5	0.13	3.92	5750.0	0.130145943209	2.22298374777e-08	0.130010859213	4.98933490989e-09	3.91189064203	2.24143904487e-06	3.92111006578	3.51973866776e-07	85.4822288216	3.06730578833e-05	85.6195406188	5.63227776738e-06
5	0.13	3.92	6000.0	0.130119145587	3.34095375065e-08	0.130039264076	1.80239666297e-07	3.91311015495	3.62538410382e-06	3.92117078524	1.49816972509e-07	85.5017373981	4.99212434979e-05	85.6107420024	6.0731132214e-05
5	0.13	3.92	6250.0	0.130100400239	2.30534036409e-08	0.130033560355	1.44117526591e-07	3.91401275651	2.76027215068e-06	3.92099871462	1.05706829849e-07	85.516096208	3.84991129293e-05	85.6107329633	4.88418928369e-05
5	0.13	3.92	6500.0	0.130092271702	6.05589938463e-10	0.130031095154	1.325113792e-07	3.91438099753	1.61455835139e-07	3.92092416749	1.04565548069e-07	85.5219278832	2.89799481269e-06	85.6107273066	4.52442220528e-05
5	0.13	3.92	6750.0	0.130087107714	7.48998645839e-10	0.130029611701	6.50377157894e-08	3.91459984427	3.39256786202e-08	3.92087781835	3.76036179043e-08	85.5254299088	6.57638612716e-07	85.6107070714	2.19420748675e-05
5	0.13	3.92	7000.0	0.130085823239	8.50947814879e-10	0.130029293208	1.5373875303e-07	3.91459330085	2.32983499144e-07	3.92086970176	1.87472129499e-07	85.5254080285	3.85772248525e-06	85.6107235636	5.3915744226e-05
5	0.13	3.92	7250.0	0.130086729883	1.20719124936e-09	0.130029808147	1.2881511399e-07	3.91444731472	1.93344154997e-07	3.9208840292	1.70820226686e-07	85.5232232493	3.23198367533e-06	85.610711126	4.53897073919e-05
5	0.13	3.92	7500.0	0.130087572385	1.35978818632e-09	0.130030290983	1.16820824679e-07	3.91430058378	1.56240405027e-07	3.92089786912	1.67015715634e-07	85.5210716177	2.46218101049e-06	85.610703832	4.12940239394e-05
5	0.13	3.92	7750.0	0.130087752229	1.32141163718e-09	0.13003051823	1.22196477229e-07	3.91420484659	1.36882491323e-07	3.92090432604	1.74900861641e-07	85.5197169764	2.16415876532e-06	85.6106998739	4.36520193749e-05
5	0.13	3.92	8000.0	0.13009018242	1.20110620561e-08	0.130031323052	1.30007464753e-07	3.91401815834	1.8384336279e-06	3.92092850888	1.94132370813e-07	85.5168451162	2.58338517045e-05	85.6107005038	4.61100873032e-05
5	0.13	3.92	8500.0	0.13009783043	1.68647006696e-08	0.130033054481	1.20460205858e-07	3.91368979647	2.35505596973e-06	3.92098082805	1.66431438319e-07	85.5115401043	3.27860627491e-05	85.6107062762	4.25416286006e-05
5	0.13	3.92	8750.0	0.130111941526	4.91722255805e-08	0.130037368003	1.18336675655e-07	3.91287252628	6.42348639788e-06	3.92110795047	2.78865886869e-07	85.4983777556	8.81740579036e-05	85.6106824525	4.307670554e-05
6	0.01	4.87	3500.0	0.00996398898752	1.94757862903e-07	0.0100131897437	1.0616584579e-07	4.94868368209	0.000398073232714	4.84821977321	0.000203467841658	87.1882770824	0.00404244156707	86.2808164308	0.0016533181088
6	0.01	4.87	3750.0	0.00995552260172	1.87936778768e-07	0.0100138253908	7.51113492481e-08	4.96472387947	0.000380642290538	4.8473278377	0.000154457619269	87.3542005408	0.00401505302806	86.2732977333	0.00124956206763
6	0.01	4.87	4000.0	0.00994436230281	1.10237194906e-07	0.0100168845654	1.53760727681e-07	4.96927140965	0.000187329373292	4.84555067941	0.000253907196472	87.4051061354	0.00200992026537	86.2582045913	0.00206467317317
6	0.01	4.87	4250.0	0.00993320258102	1.46099100696e-07	0.0100236229329	6.95593458807e-07	4.97202682771	0.00021098976417	4.83971883895	0.00102912348911	87.4377793359	0.00228224600247	86.2094569623	0.0082856499359
6	0.01	4.87	4500.0	0.00992521491443	1.6150224178e-07	0.0100227001204	9.19619409214e-07	4.9839832553	0.000234461396759	4.84105210831	0.0013712961433	87.5716863806	0.00267575958696	86.2205447214	0.0110100197583
6	0.01	4.87	4750.0	0.00992585956846	2.40366921003e-07	0.0100132336232	4.09102040617e-07	4.98931012929	0.000366004935847	4.85326482002	0.000644306025978	87.6320158874	0.00428739900138	86.321879614	0.00526021036423
6	0.01	4.87	5000.0	0.00992697961515	3.30509050764e-07	0.010009011402	5.12650548573e-07	4.99540427568	0.00054610948281	4.8586465896	0.000865012999957	87.7027845037	0.00655026910387	86.3673146264	0.00713057924242
6	0.01	4.87	5250.0	0.00993309231638	3.27023355362e-07	0.0100084189662	3.22576202701e-07	4.99389424874	0.000581989384984	4.85866041868	0.000579700483283	87.6833454272	0.00691309391644	86.3677601586	0.00477614509238
6	0.01	4.87	5500.0	0.00994520685335	2.65611767025e-07	0.0100105313686	2.50658558339e-07	4.97984523239	0.000510103054819	4.85385516804	0.00047842160288	87.5200921285	0.00568322803995	86.3279419548	0.00390970642032
6	0.01	4.87	5750.0	0.00995935670306	1.70100203694e-07	0.0100116341475	1.22023631324e-07	4.95816750267	0.00034594599679	4.85041384816	0.000226510136096	87.2858892653	0.00358483617535	86.2996801616	0.00186060531533
6	0.01	4.87	6000.0	0.00997099083409	1.31894009708e-07	0.0100092087501	5.56580273158e-08	4.93805290163	0.000288370416249	4.85360782641	0.000111904562797	87.0831499574	0.0028149728817	86.3268116842	0.000919888199841
6	0.01	4.87	6250.0	0.00997819288322	1.23278291554e-07	0.0100075610564	4.84189145356e-08	4.9247667189	0.000285403936597	4.85587330022	0.000106106176782	86.9554286105	0.00271832195606	86.3461616324	0.000876663411163
6	0.01	4.87	6500.0	0.00998119208352	1.08707281681e-07	0.0100067544041	4.55276742629e-08	4.91982626001	0.000268920254203	4.8568683913	9.64591389445e-05	86.9089965557	0.00251660499439	86.3546859594	0.000797183588746
6	0.01	4.87	6750.0	0.00998338480058	1.06675560855e-07	0.0100062385449	4.42080398299e-08	4.91611133488	0.000266836060402	4.85747818388	0.000104317842084	86.8744680861	0.00246503316539	86.3599169516	0.000862490462636
6	0.01	4.87	7000.0	0.00998466185371	8.98020921835e-08	0.010006039863	3.52765898387e-08	4.91438321478	0.00022901953729	4.85753611922	8.59240907487e-05	86.858510149	0.00210692852203	86.3604356064	0.000709940431301
6	0.01	4.87	7250.0	0.00998561655057	7.94240007849e-08	0.0100059930385	5.22173346673e-08	4.91342785018	0.000210354567772	4.85732102371	0.000127121089286	86.8497038569	0.00193661651434	86.358597127	0.00105071080366
6	0.01	4.87	7500.0	0.00998685469202	9.48490083773e-08	0.0100059645038	3.95650709378e-08	4.91145251956	0.000269008678457	4.8570904234	9.68562535474e-05	86.8315956597	0.00247305447934	86.3566391696	0.000805057326455
6	0.01	4.87	7750.0	0.00998813418252	9.42077225924e-08	0.0100059023338	3.73240939894e-08	4.90899802672	0.000270236676519	4.85698134462	9.40999654648e-05	86.8092203094	0.00245802414597	86.3557103739	0.00078087510079
6	0.01	4.87	8000.0	0.00998814553471	8.84851799329e-08	0.0100060219147	3.99422656953e-08	4.90945655073	0.000249510037757	4.85663689185	0.000104871505383	86.813410699	0.00227131678919	86.3527781084	0.000862975978904
6	0.01	4.87	8500.0	0.00998525200394	9.90757276393e-08	0.0100066377436	4.49825179906e-08	4.9152377015	0.000270060351679	4.85591145959	0.000104022197914	86.8664526064	0.00248766996827	86.3466243832	0.000865194079463
6	0.01	4.87	8750.0	0.00997984817476	1.25873247018e-07	0.0100074558646	5.32183774738e-08	4.93049296574	0.000349999982028	4.85407192369	0.000123046308251	87.0098471587	0.00335256971064	86.330989634	0.00102823389244
7	0.07	4.87	3500.0	0.0700821695915	1.28328088771e-08	0.0700325699195	1.38603713986e-07	4.8558292732	3.4919937165e-06	4.87071528168	1.05557006345e-05	86.3410858263	3.08185615736e-05	86.4577982059	0.000136190498733
7	0.07	4.87	3750.0	0.0700822344548	3.52628419784e-09	0.0700340867549	1.32864576352e-07	4.85655111711	9.87653492739e-07	4.87073391206	1.02554824325e-05	86.346411394	8.98502301118e-06	86.4572312586	0.000131702412105
7	0.07	4.87	4000.0	0.0700741714649	1.12526751896e-08	0.0700382281694	2.01717148407e-07	4.8613312642	2.43001350744e-06	4.87082421169	1.45106410219e-05	86.3843193695	2.00823174968e-05	86.4562516745	0.000186477316189
7	0.07	4.87	4250.0	0.0700708048029	1.54991012215e-08	0.0700487440315	1.85961740171e-07	4.86512418733	2.87794812134e-06	4.87102418301	1.21902581179e-05	86.4127798496	2.37496482746e-05	86.4532657551	0.000164299005327
7	0.07	4.87	4500.0	0.0700794658958	2.56596239491e-08	0.0700794691544	2.4225271702e-08	4.86413205837	4.83175514012e-06	4.8641314488	4.59531209057e-06	86.4032880605	4.00630029725e-05	86.4032828126	3.81201952177e-05
7	0.07	4.87	4750.0	0.0700863535188	1.38081147318e-08	0.0699655564577	1.33654863679e-08	4.86150740088	2.7740569509e-06	4.87596051407	2.26625793585e-06	86.3826405792	2.26115397281e-05	86.5231459058	2.17137559235e-05
7	0.07	4.87	5000.0	0.0700913801212	5.58893812117e-09	0.0699590766644	2.11890114362e-08	4.85916357508	1.20848387678e-06	4.87622476532	3.52111646007e-06	86.3642126825	1.08824444771e-05	86.5286478263	3.45892648837e-05
7	0.07	4.87	5250.0	0.0700906188446	1.52893664376e-08	0.0699660214165	1.57754005898e-08	4.85773301751	3.53599968408e-06	4.87562978201	2.89230064785e-06	86.3536414353	2.87871547416e-05	86.5222268938	2.81705490645e-05
7	0.07	4.87	5500.0	0.070082985906	2.58742477317e-09	0.0699844992664	2.65203359348e-08	4.85760571549	6.17608102587e-07	4.87411708268	3.47676891507e-06	86.3542207754	4.76873562856e-06	86.5038219699	3.23900301197e-05
7	0.07	4.87	5750.0	0.0700711315782	5.90901972193e-09	0.0700118242454	2.09826011121e-08	4.85855395701	1.29787634192e-06	4.87180875911	2.27152043282e-06	86.3638373735	1.00503588174e-05	86.4752004309	2.52325585226e-05
7	0.07	4.87	6000.0	0.070058411969	7.09056520878e-09	0.0700241470962	1.8377864688e-07	4.86007972126	1.82344041508e-06	4.87046126505	1.58746386055e-05	86.3781030018	1.43517197361e-05	86.4599187044	0.000196164119492
7	0.07	4.87	6250.0	0.0700489467978	1.11162516832e-08	0.0700205155681	1.49814590888e-07	4.8613811842	3.07579393635e-06	4.87038339146	1.27248637632e-05	86.3900456837	2.43879455964e-05	86.4610432579	0.000160128494063
7	0.07	4.87	6500.0	0.0700441672737	1.04634803233e-08	0.0700189074753	1.40874819624e-07	4.86210130881	2.85709859327e-06	4.87034711204	1.25148757481e-05	86.396532826	2.30671433383e-05	86.4615134785	0.00015550322455
7	0.07	4.87	6750.0	0.0700412789039	7.69807390886e-09	0.070017954031	6.55755329672e-08	4.86249615922	2.34381740584e-06	4.8703189004	5.81262688622e-06	86.4001402591	1.9081974466e-05	86.4617390787	7.28427316703e-05
7	0.07	4.87	7000.0	0.0700404945184	1.34023052915e-08	0.0700176676672	1.65865918023e-07	4.86250620567	3.97046435836e-06	4.87031734972	1.53336038878e-05	86.4003136636	3.22820870232e-05	86.4618357285	0.000189590134242
7	0.07	4.87	7250.0	0.0700409079359	1.121911291e-08	0.0700179306111	1.33211092157e-07	4.86227045649	3.38627001728e-06	4.87031654967	1.25170388958e-05	86.3983134715	2.77580356209e-05	86.4616709448	0.000154640704786
7	0.07	4.87	7500.0	0.0700415806252	9.16749075492e-09	0.0700181730676	1.20078465461e-07	4.86193399735	2.688563333e-06	4.87031765815	1.13896196249e-05	86.3954822943	2.18223680455e-05	86.4615328285	0.000139926350872
7	0.07	4.87	7750.0	0.0700419833058	9.28620608502e-09	0.0700182695988	1.23463468757e-07	4.8616523	2.82529999218e-06	4.87031668989	1.17505385841e-05	86.393145993	2.27191966337e-05	86.4614559577	0.000145211739884
7	0.07	4.87	8000.0	0.0700432141362	8.12585651926e-09	0.0700187347376	1.32042014917e-07	4.86134793819	2.32103413542e-06	4.870323471	1.29610698311e-05	86.390478452	1.86163813834e-05	86.4612671786	0.000157399001727
7	0.07	4.87	8500.0	0.070047282113	1.071189798e-08	0.0700199260976	1.20246140898e-07	4.86082338134	3.23587778204e-06	4.87033254186	1.12708429635e-05	86.3856292631	2.61095821963e-05	86.4608048774	0.000139280740896
7	0.07	4.87	8750.0	0.0700514317671	9.67737470092e-09	0.0700225223947	1.21356632948e-07	4.86053406596	2.75855585109e-06	4.87036241911	1.1549661218e-05	86.3823812489	2.2322201793e-05	86.4597334647	0.000141724986077
8	0.13	4.87	3500.0	0.130153105834	3.28319255716e-09	0.13005271946	2.3927846533e-08	4.85894354389	7.30856963307e-07	4.87195418315	1.88379651565e-07	86.3586326002	6.93385316039e-06	86.4681597418	1.12425451897e-05
8	0.13	4.87	3750.0	0.130162601985	6.3402782257e-09	0.130055063081	4.29857715618e-08	4.85847428202	1.10177805407e-06	4.87204068143	2.22671752587e-07	86.3535621653	9.95842072303e-06	86.468153914	1.32689066883e-05
8	0.13	4.87	4000.0	0.130189533538	6.46281965568e-08	0.130060668019	5.49265664836e-08	4.85822310242	7.20852816178e-06	4.87225229774	1.15090063349e-07	86.3487566675	6.27052510822e-05	86.4681725065	1.45469995494e-05
8	0.13	4.87	4250.0	0.130251441676	5.78513020431e-08	0.130075536473	1.37151282222e-07	4.85615208111	5.43269926373e-06	4.87281624937	7.39255864691e-07	86.3255896022	4.69377722781e-05	86.4682320882	3.77504104071e-05
8	0.13	4.87	4500.0	0.130271898094	5.35237853299e-08	0.130271897508	5.41868092337e-08	4.85498679898	5.02667024025e-06	4.85498685202	5.08927998122e-06	86.3139886184	4.31749336092e-05	86.3139890827	4.37148385761e-05
8	0.13	4.87	4750.0	0.130245322275	5.85134479617e-08	0.129932080687	1.39872620326e-07	4.85578046136	5.79576090347e-06	4.87129347187	2.41971231383e-06	86.3232017781	4.99113696102e-05	86.4938222602	4.81135354282e-05
8	0.13	4.87	5000.0	0.130224927495	5.48083992771e-08	0.129920726519	1.59188233542e-07	4.85625905989	5.78973736148e-06	4.87104120724	2.43026730873e-06	86.3291176772	4.98048974047e-05	86.4953390481	5.0575484964e-05
8	0.13	4.87	5250.0	0.130202677662	7.7629728396e-08	0.129931477205	1.38703595429e-07	4.85692994096	8.81306714724e-06	4.87100969412	2.27037035572e-06	86.3367329653	7.58276496467e-05	86.4927692332	4.82134918729e-05
8	0.13	4.87	5500.0	0.130175367511	5.87667763445e-09	0.129962606558	1.01730817524e-07	4.85809719402	9.84592451527e-07	4.87114359323	2.63342485767e-06	86.3490048698	9.25574903294e-06	86.4859511844	4.2644894608e-05
8	0.13	4.87	5750.0	0.130146019822	4.85312851299e-09	0.130010813705	2.55182900457e-09	4.85962360963	3.40365158513e-07	4.87139966622	8.77906143995e-08	86.364593033	2.36642385193e-06	86.475286825	3.50124008075e-07
8	0.13	4.87	6000.0	0.130119224821	9.83180990928e-09	0.130039298242	4.60853089875e-08	4.86118307302	1.01198393256e-06	4.87145529926	8.5676598337e-08	86.3803024746	8.26678646118e-06	86.4681767514	9.68197218873e-06
8	0.13	4.87	6250.0	0.130100497534	1.10813421389e-08	0.130033562818	6.01791993701e-08	4.86233473105	1.26095585911e-06	4.87124138508	4.66157421346e-08	86.3918453407	1.05478692006e-05	86.4681776108	1.42364622261e-05
8	0.13	4.87	6500.0	0.130092374907	1.43387314097e-08	0.130031098158	5.35394359854e-08	4.86280459545	1.77594664816e-06	4.87114870806	3.81489689004e-08	86.3965338377	1.50678849071e-05	86.4681717797	1.38323650316e-05
8	0.13	4.87	6750.0	0.130087210145	1.03179089146e-08	0.130029555555	5.31817015891e-08	4.8630844646	1.26612293255e-06	4.87109114087	3.93208735031e-08	86.399354041	1.07442172972e-05	86.4681713378	1.45842431492e-05
8	0.13	4.87	7000.0	0.130085922769	1.5372060833e-08	0.130029308618	6.14585814533e-08	4.86307677971	2.0059829209e-06	4.87108091343	4.09933225533e-08	86.3993408987	1.71127578725e-05	86.4681660845	1.56847273051e-05
8	0.13	4.87	7250.0	0.130086827637	2.258341239e-08	0.130029827795	4.97697678143e-08	4.86289064494	3.17974739995e-06	4.87109873898	2.24063958083e-08	86.3975830195	2.72214224871e-05	86.4681559133	1.27742185626e-05
8	0.13	4.87	7500.0	0.130087679455	1.32310173416e-08	0.130030285796	6.03843374879e-08	4.86270190682	1.76802013315e-06	4.87111595854	5.04400972339e-08	86.3958369557	1.50601888707e-05	86.468154897	1.50602033451e-05
8	0.13	4.87	7750.0	0.130087859814	1.40572010005e-08	0.130030516818	4.69036480602e-08	4.86257960507	1.92865255668e-06	4.87112398909	5.16774981562e-08	86.3947437331	1.64402408494e-05	86.4681521242	1.14828214097e-05
8	0.13	4.87	8000.0	0.130090287314	1.40901159018e-08	0.130031330681	5.30604885933e-08	4.86234183179	1.87517643506e-06	4.87115404505	6.10294958562e-08	86.3924369954	1.59762764121e-05	86.4681490212	1.20497603751e-05
8	0.13	4.87	8500.0	0.130097942319	1.06742805738e-08	0.130033037123	6.42621734789e-08	4.86192073081	1.27733320207e-06	4.871219215	7.88644227731e-08	86.3881553446	1.07506242682e-05	86.4681623576	1.55701571822e-05
8	0.13	4.87	8750.0	0.130112046465	8.06337965265e-09	0.130037339902	4.7837435943e-08	4.8608777246	9.06505949394e-07	4.87137724426	1.57651740859e-07	86.37757448	7.54481505988e-06	86.4681462418	1.46531131393e-05
9	0.01	6.45	3500.0	0.00996396626765	1.45652235156e-07	0.0100133080319	7.83899431639e-08	6.55626234502	0.000402372723002	6.42028915527	0.000193975612704	87.8785242957	0.00228430566388	87.19111646	0.000888632078993
9	0.01	6.45	3750.0	0.00995550671049	2.25157547189e-07	0.0100139650488	7.68905982784e-08	6.57788001536	0.000614092026172	6.41903006385	0.000182791596939	88.003713466	0.00360892587686	87.1851895564	0.000831078921556
9	0.01	6.45	4000.0	0.00994441307248	1.05956163349e-07	0.0100170552054	8.04536574512e-08	6.58384646337	0.000241474588887	6.41660941754	0.000179056120057	88.04112492	0.00145569015191	87.1736961657	0.000812258266692
9	0.01	6.45	4250.0	0.00993327387989	9.17293069183e-08	0.0100235608791	1.23468025425e-07	6.58754284381	0.00017944092138	6.40924171746	0.000241175999621	88.065617321	0.00110592670854	87.1391620236	0.00108518289572
9	0.01	6.45	4500.0	0.00992523559706	1.07123825015e-07	0.0100225340085	5.03625787544e-07	6.60377295272	0.000205787490333	6.41124557717	0.00102030710791	88.1673165187	0.00131158679887	87.148460413	0.00457566547916
9	0.01	6.45	4750.0	0.0099259387592	2.00087484103e-07	0.0100132613485	2.85450905221e-07	6.61083480434	0.000409191770692	6.42733256728	0.000616378934744	88.2120606978	0.00268652973636	87.2232370238	0.00281695274685
9	0.01	6.45	5000.0	0.00992696329571	2.55530553989e-07	0.0100090403345	3.80366540567e-07	6.61925052929	0.000561963803937	6.43460077057	0.000855417784652	88.2667879386	0.00378075161435	87.2575794857	0.00394662420319
9	0.01	6.45	5250.0	0.00993303824946	2.71484419655e-07	0.0100084812173	3.8097994464e-07	6.61730809272	0.000636592151105	6.43452886656	0.000921480989034	88.2527517282	0.0042377016848	87.2574892893	0.00424554034749
9	0.01	6.45	5500.0	0.00994519739624	3.22633170185e-07	0.0100106050064	3.05644699927e-07	6.59826042122	0.000833143717466	6.42800503106	0.000797863652674	88.1288546486	0.00521557803805	87.2272308632	0.00365195202601
9	0.01	6.45	5750.0	0.00995923702002	2.08125302434e-07	0.0100117477986	7.13920529726e-08	6.56932028736	0.000584602896392	6.42325258315	0.000178817023094	87.9537807817	0.00340388010898	87.2053707637	0.000826699879859
9	0.01	6.45	6000.0	0.00997096262272	1.20210060377e-07	0.0100093125069	7.11531446832e-08	6.54193100681	0.000350137379677	6.42757317143	0.000196855563612	87.7991742271	0.00191516534238	87.2259165429	0.000913296822321
9	0.01	6.45	6250.0	0.00997817133966	1.31937937613e-07	0.0100076119899	8.9977821251e-08	6.52399396165	0.000420005528205	6.43076622184	0.000253353502109	87.7026349736	0.00222840773659	87.2411368077	0.00117005382912
9	0.01	6.45	6500.0	0.00998119188276	8.03103736765e-08	0.0100068029514	7.50114595751e-08	6.51726638607	0.000262239738039	6.43212024009	0.000227978438722	87.66724984	0.0013645138376	87.2476251139	0.00105799135926
9	0.01	6.45	6750.0	0.00998334176072	6.90072298055e-08	0.010006266745	8.38369706175e-08	6.51239364565	0.000241948304802	6.43299663854	0.000247388907541	87.6418894193	0.00125685961312	87.2518239265	0.00118377034272
9	0.01	6.45	7000.0	0.00998463857859	1.02635086237e-07	0.0100060898359	6.04893833081e-08	6.50999886349	0.000361470277892	6.43300555609	0.000191494104217	87.6295039994	0.00186395622789	87.2518913601	0.000890581526542
9	0.01	6.45	7250.0	0.00998563238079	9.07298516949e-08	0.0100060393227	5.77631942281e-08	6.50856961375	0.000327388158889	6.43272017524	0.000191648673008	87.6221346931	0.00168083626783	87.2505307918	0.000895599166878
9	0.01	6.45	7500.0	0.00998683239489	7.6814070026e-08	0.0100060137518	4.67385976904e-08	6.50605061552	0.000280899366584	6.4323922527	0.000163320211204	87.6092044796	0.0014355184922	87.2489732004	0.000762835372145
9	0.01	6.45	7750.0	0.00998812318752	7.16314290598e-08	0.0100059433535	6.407582102e-08	6.50270083883	0.000281151330437	6.43226582783	0.000209838919315	87.5921068064	0.00143606876686	87.2483802427	0.000992910724568
9	0.01	6.45	8000.0	0.00998813236951	9.22344111612e-08	0.0100060744191	4.85537367971e-08	6.50332679998	0.000354787217055	6.43175826206	0.000160314646378	87.5953072162	0.00180540764029	87.2459577724	0.000750206818293
9	0.01	6.45	8500.0	0.00998524733827	7.47269665005e-08	0.010006680796	8.7487602979e-08	6.51109981587	0.000272466747681	6.43079981045	0.000280871652087	87.6352377239	0.00140678935335	87.2414225138	0.00130684983276
9	0.01	6.45	8750.0	0.00997983386501	9.99731528743e-08	0.0100075018076	5.55775952057e-08	6.53172055146	0.000374969354214	6.42833200804	0.000182851093746	87.7437576441	0.00201207603027	87.2296693903	0.000843490897635
10	0.07	6.45	3500.0	0.0700822885897	7.59660376358e-08	0.0700325158933	7.6667709517e-08	6.43082420746	2.71801584817e-05	6.45092153912	7.33167096131e-06	87.237907734	0.000127107429099	87.3262655737	5.24449414234e-05
10	0.07	6.45	3750.0	0.0700823441664	9.18866899779e-08	0.0700340252651	4.84110544769e-08	6.43180241123	3.22801299554e-05	6.45094374363	4.53478863159e-06	87.2419574022	0.000151404133459	87.3258323915	2.91198549707e-05
10	0.07	6.45	4000.0	0.0700741439945	1.45334008616e-08	0.0700382308682	4.79175426356e-08	6.43829513526	4.34918801579e-06	6.45105643557	5.27867941056e-06	87.2708188663	2.0402127809e-05	87.3250505097	3.52621847885e-05
10	0.07	6.45	4250.0	0.0700706780836	1.20010267863e-08	0.0700487065264	9.03596373648e-08	6.44342953975	3.11223805403e-06	6.45131835369	1.01679909079e-05	87.2924405444	1.43282280392e-05	87.3228320565	6.20569337381e-05
10	0.07	6.45	4500.0	0.0700793204203	1.56625118295e-08	0.0700793254417	2.15468585848e-08	6.44209298279	4.00154395106e-06	6.44209168545	5.53738019559e-06	87.2852955538	1.86917480669e-05	87.2852893629	2.61351016066e-05
10	0.07	6.45	4750.0	0.0700864061354	1.93282930255e-07	0.0699655179138	4.25878852227e-08	6.43850244274	5.17858993892e-05	6.45806077566	4.77173577572e-06	87.2694459523	0.000247733456366	87.3756276689	3.07047639987e-05
10	0.07	6.45	5000.0	0.070091484916	1.62583378441e-07	0.0699590147975	4.79424178977e-08	6.43532610701	4.66625339229e-05	6.45843053634	6.00975632449e-06	87.2554467953	0.000221186949388	87.3798055677	3.49929780954e-05
10	0.07	6.45	5250.0	0.070090742419	1.32207747067e-07	0.0699659858904	4.17090573423e-08	6.43339102339	4.07904783032e-05	6.45761982764	5.40405875299e-06	87.247421932	0.000192471457176	87.3749300595	3.26985899265e-05
10	0.07	6.45	5500.0	0.0700830898748	1.31076594874e-07	0.0699844188647	1.00971849284e-07	6.43322709647	4.34752732457e-05	6.45557181791	1.88396437597e-05	87.2478760922	0.000205263415247	87.3610779351	0.000106711116633
10	0.07	6.45	5750.0	0.0700711569162	4.85186058636e-09	0.0700118221299	1.1474742095e-08	6.43453649461	1.82932132051e-06	6.45241761722	1.99639803094e-06	87.2552597995	8.86880950525e-06	87.3393766199	1.07216290606e-05
10	0.07	6.45	6000.0	0.0700584450284	1.7663222031e-09	0.0700241808233	7.59414851576e-08	6.43659587991	6.90919741501e-07	6.45058395752	9.74560569149e-06	87.266019316	3.27582294028e-06	87.327802938	6.42313798915e-05
10	0.07	6.45	6250.0	0.07004898224	3.74947566175e-09	0.070020530425	7.05845251018e-08	6.43835343824	1.26138297871e-06	6.4504862951	9.66021250431e-06	87.2750342059	5.60544746413e-06	87.3286675801	6.25770667845e-05
10	0.07	6.45	6500.0	0.0700442025113	1.80910991228e-09	0.0700189287246	6.65153218975e-08	6.43932671052	5.62835119333e-07	6.45043831883	9.15873100916e-06	87.2799357922	2.62226546916e-06	87.3290152191	5.95646666297e-05
10	0.07	6.45	6750.0	0.0700413115475	3.29560549797e-09	0.0700179238932	5.67979136025e-08	6.43986137354	1.22426509834e-06	6.4504081194	8.26394777378e-06	87.2826657281	5.67905074493e-06	87.3292299245	5.31364600522e-05
10	0.07	6.45	7000.0	0.0700405320739	1.87154283025e-09	0.0700177061672	6.14923807594e-08	6.43987373142	6.95534515115e-07	6.45039765726	9.0951613567e-06	87.2827900386	3.10750655479e-06	87.3292436105	5.81908872649e-05
10	0.07	6.45	7250.0	0.0700409477504	2.48228397783e-09	0.0700179525663	5.90949998021e-08	6.43955530003	8.29299968728e-07	6.45039809583	8.6342927969e-06	87.281277737	3.63596987824e-06	87.329132828	5.58375355558e-05
10	0.07	6.45	7500.0	0.0700416231264	2.47956936716e-09	0.0700181905606	5.77484082251e-08	6.43910061782	7.5798160002e-07	6.45039965747	8.59931903758e-06	87.2791360642	3.58400189304e-06	87.3290322211	5.53976313417e-05
10	0.07	6.45	7750.0	0.0700420273648	1.42259935891e-09	0.0700182951135	4.0218564899e-08	6.43872000388	5.2281941677e-07	6.45039696231	6.08183131438e-06	87.2773685792	2.41419900869e-06	87.3289664463	3.91169477937e-05
10	0.07	6.45	8000.0	0.0700432604604	2.04366152474e-09	0.0700187505598	7.52791766126e-08	6.43830853728	6.41542942057e-07	6.45040696001	1.1306225625e-05	87.2753513937	2.87775777268e-06	87.3288335407	7.29327490292e-05
10	0.07	6.45	8500.0	0.0700473254695	2.52543134165e-09	0.0700199298073	5.79088370739e-08	6.43760050551	9.96071726258e-07	6.45041933507	8.70974926662e-06	87.2716932712	4.58775720859e-06	87.3284957186	5.56996614083e-05
10	0.07	6.45	8750.0	0.0700514737843	4.46793164552e-09	0.0700224938084	8.17971604425e-08	6.43721262435	1.49763557754e-06	6.45046079143	1.23613891714e-05	87.2692616725	6.89139978354e-06	87.3277182196	7.89347673412e-05
11	0.13	6.45	3500.0	0.130153203573	9.98506064405e-09	0.130052811572	6.67638205383e-08	6.43501452827	1.62024285477e-06	6.45258834418	2.19160964319e-07	87.2512285476	7.58245409348e-06	87.3340343943	1.36212211679e-05
11	0.13	6.45	3750.0	0.13016271309	8.90070190624e-09	0.130055153319	1.0273992038e-07	6.43437621683	1.38007580315e-06	6.45270283061	2.22668167562e-07	87.2473898061	6.32713892145e-06	87.334031021	2.09397964477e-05
11	0.13	6.45	4000.0	0.130189623478	1.07626194895e-08	0.130060741252	1.3710674957e-07	6.43403469126	1.55894768129e-06	6.45298308148	6.1292705705e-07	87.2437848644	7.33677780107e-06	87.3340486687	2.02900099507e-05
11	0.13	6.45	4250.0	0.130251538616	9.01428586172e-08	0.130075694032	7.97663580937e-08	6.43122135089	1.137609866e-05	6.45373081535	6.50143070952e-07	87.2262786614	5.51653511176e-05	87.3340779629	1.31791491208e-05
11	0.13	6.45	4500.0	0.130272006252	9.1235602493e-08	0.13027200604	9.1496432103e-08	6.42964095631	1.14779441656e-05	6.42964097858	1.15120448204e-05	87.2175053098	5.54331647697e-05	87.217505429	5.55949268591e-05
11	0.13	6.45	4750.0	0.130245444876	5.8354475673e-08	0.129931900567	4.41802185272e-08	6.43071753918	7.76944153231e-06	6.45179201529	8.27800654952e-07	87.224454516	3.75319175452e-05	87.3534842834	8.59163183562e-06
11	0.13	6.45	5000.0	0.130224987335	7.71558913918e-08	0.129920561991	2.23959776751e-08	6.43137751153	1.09656975273e-05	6.45146256615	8.41584684839e-07	87.2289640509	5.30349482088e-05	87.3546304799	5.14447505846e-06
11	0.13	6.45	5250.0	0.13020274039	1.79815593479e-08	0.129931320906	4.05347819818e-08	6.4322886523	2.67273813053e-06	6.45141325277	9.94189764966e-07	87.234716168	1.24460156408e-05	87.3526874011	1.02226985838e-05
11	0.13	6.45	5500.0	0.130175486336	1.01708839086e-08	0.129962595785	5.43034040005e-08	6.43386254842	1.65337907812e-06	6.45156514766	1.69088202631e-06	87.2439438469	7.75296778743e-06	87.3474890065	1.66575562063e-05
11	0.13	6.45	5750.0	0.13014611781	1.7647666186e-08	0.130010773664	2.82419389928e-09	6.43593380488	3.04924402149e-06	6.45187538884	3.31383521144e-07	87.2557335167	1.45388126154e-05	87.3394455925	1.92075525056e-06
11	0.13	6.45	6000.0	0.130119305834	2.33953242615e-08	0.130039355898	1.04369691016e-07	6.43804917593	4.32058267582e-06	6.45192747535	8.18557295668e-07	87.2676156732	2.07875066495e-05	87.3340541674	2.31308379676e-05
11	0.13	6.45	6250.0	0.130100563648	2.62478663534e-08	0.130033619026	9.62122637331e-08	6.43961147086	5.16627159522e-06	6.45164413828	7.59834987122e-07	87.2763479773	2.49902752473e-05	87.3340543675	2.14757668818e-05
11	0.13	6.45	6500.0	0.130092440056	2.60435079537e-08	0.130031140862	1.07101535316e-07	6.44024804118	5.38538085223e-06	6.45152146248	9.47706969621e-07	87.2798912067	2.61238927652e-05	87.3340535022	2.45800423032e-05
11	0.13	6.45	6750.0	0.130087261286	3.75755789982e-08	0.130029623932	8.62643118761e-08	6.44062995062	8.01429471632e-06	6.45144508823	8.68011524394e-07	87.2820354162	3.8868470671e-05	87.334047854	2.03136168424e-05
11	0.13	6.45	7000.0	0.130085971158	3.18908328315e-08	0.130029377331	6.64181307042e-08	6.44062053542	7.07350258432e-06	6.45143138915	6.53129330334e-07	87.2820293988	3.43207481481e-05	87.3340419086	1.56628379488e-05
11	0.13	6.45	7250.0	0.130086896087	2.95436823769e-08	0.130029858453	9.97953170702e-08	6.44036468636	6.70160270028e-06	6.45145519141	1.01566395175e-06	87.2806815656	3.24663980975e-05	87.3340421217	2.37026533456e-05
11	0.13	6.45	7500.0	0.130087731717	3.48789765738e-08	0.130030363606	6.57559648689e-08	6.44011307132	8.13278342943e-06	6.45147770709	6.99818903558e-07	87.279379772	3.94310008506e-05	87.3340323743	1.58275004513e-05
11	0.13	6.45	7750.0	0.130087924838	3.10950802348e-08	0.130030571629	7.42532730289e-08	6.43994495046	7.35123834644e-06	6.45148850562	8.34053316534e-07	87.278540024	3.55518585425e-05	87.3340345148	1.80385683315e-05
11	0.13	6.45	8000.0	0.130090347765	4.09138652142e-08	0.130031405775	6.7815357704e-08	6.43962434481	9.64779843762e-06	6.45152809893	7.90520957324e-07	87.276803121	4.65830642953e-05	87.3340282489	1.67310073056e-05
11	0.13	6.45	8500.0	0.130098015344	2.54413626343e-08	0.130033091423	1.018202782e-07	6.43905088327	5.72944594081e-06	6.45161475485	1.13824145978e-06	87.2735542172	2.76561126788e-05	87.334043041	2.47455151409e-05
11	0.13	6.45	8750.0	0.130112132885	2.51373231118e-08	0.13003741081	1.02476929221e-07	6.43763632035	5.51500009852e-06	6.45182392783	1.29740620269e-06	87.2655527043	2.65151415276e-05	87.3340278306	2.53843341526e-05
12	0.01	9.52	3500.0	0.0099638936275	1.73620577046e-07	0.0100133882144	1.00189460532e-07	9.67924682883	0.000713066210625	9.47520595029	0.000360731930516	88.5639665903	0.00181233057432	88.0965284826	0.000747591525382
12	0.01	9.52	3750.0	0.00995550370754	2.46518921753e-07	0.0100140639705	9.39904029637e-08	9.71127943689	0.00100251706951	9.47327418337	0.000353537381617	88.6480561689	0.002683918488	88.0924080726	0.000739903733102
12	0.01	9.52	4000.0	0.00994446440809	1.53174858504e-07	0.0100171741016	9.66908927856e-08	9.72000829576	0.000527063789642	9.46962881895	0.000324469684393	88.6728709327	0.00143909583817	88.0845738336	0.000656613130782
12	0.01	9.52	4250.0	0.0099332960764	8.88912604721e-08	0.0100237504605	1.33760485111e-07	9.72564308638	0.000255823728054	9.45846078424	0.000366811346767	88.6897385725	0.000710949939321	88.060879396	0.000763695769681
12	0.01	9.52	4500.0	0.00992528521879	1.2280174356e-07	0.0100225856499	2.81190777417e-07	9.74983793727	0.000354362827494	9.46186339792	0.000868541653673	88.7584089893	0.00102724901504	88.0680073375	0.00176383845887
12	0.01	9.52	4750.0	0.00992590307663	1.97418940502e-07	0.0100133157387	3.05825929982e-07	9.76064886493	0.000614453095032	9.48590917263	0.000988770464363	88.7894732428	0.00182374229581	88.1186522926	0.00204741232603
12	0.01	9.52	5000.0	0.00992698034929	2.24492346922e-07	0.0100090786819	2.59422810074e-07	9.77307002019	0.000755242286793	9.49682105974	0.000856932412778	88.8260726586	0.00229123436282	88.1420082739	0.00179244063881
12	0.01	9.52	5250.0	0.00993295029424	3.51758534218e-07	0.0100085320272	2.06167512282e-07	9.7705402962	0.00124868761481	9.49665461961	0.000727012134405	88.8177081863	0.00377842565832	88.1418249734	0.0015199477604
12	0.01	9.52	5500.0	0.00994509546936	3.31735031129e-07	0.0100105783742	1.46418050002e-07	9.74212846248	0.00127277717093	9.48719307613	0.000577598179007	88.7339142419	0.00362093584649	88.1219277754	0.00119764932676
12	0.01	9.52	5750.0	0.009959233698	2.38325078656e-07	0.010011827862	1.03227155137e-07	9.6984940297	0.000968495354735	9.47965800028	0.000397179987493	88.6142590362	0.00254850054276	88.1062263121	0.000819657514413
12	0.01	9.52	6000.0	0.00997093420569	1.35227850198e-07	0.0100093435757	1.1261854432e-07	9.65763206227	0.000577780380822	9.48631502645	0.000453112576607	88.5097233605	0.00142832795545	88.1205421289	0.000958104624153
12	0.01	9.52	6250.0	0.00997816093535	7.53658030126e-08	0.0100076518823	1.06557476772e-07	9.63071906449	0.000347332975672	9.49104886574	0.000452627952239	88.4440710206	0.000830885699774	88.1307739458	0.000955343433171
12	0.01	9.52	6500.0	0.0099811913914	7.89988835693e-08	0.0100068498632	9.43464724142e-08	9.62062366579	0.000373478747377	9.49302791752	0.000413267932596	88.4200120902	0.000880153339407	88.1350709007	0.000867631000623
12	0.01	9.52	6750.0	0.00998334581845	5.13353354066e-08	0.0100063208365	9.3342437314e-08	9.61332217928	0.000263593025335	9.49429277793	0.000413075293838	88.4027924387	0.000617623027876	88.1378200537	0.000872450169517
12	0.01	9.52	7000.0	0.00998464697805	8.6782226079e-08	0.0100061137408	8.53324075303e-08	9.60971333749	0.000461803781311	9.49445896112	0.000409961163235	88.3943318935	0.00107815158314	88.1381822182	0.00086709276862
12	0.01	9.52	7250.0	0.00998563165956	6.57941122925e-08	0.0100060694498	8.28101253477e-08	9.6076319544	0.000371067817845	9.49398608206	0.000399737876776	88.3894688593	0.000864746809491	88.1371633046	0.000844088101163
12	0.01	9.52	7500.0	0.00998684132586	6.39197455561e-08	0.0100060519122	6.56660526904e-08	9.60381584936	0.000369037350422	9.49345376607	0.000311165336774	88.3805922955	0.00085627188939	88.1360241445	0.000662808435199
12	0.01	9.52	7750.0	0.00998811906407	6.68616913719e-08	0.0100060053849	4.86116583126e-08	9.59886767946	0.000380158643108	9.49314348899	0.000250180344221	88.3691455103	0.000875476971944	88.1353580742	0.000530039199067
12	0.01	9.52	8000.0	0.00998811954846	6.9889763857e-08	0.0100061006797	9.22104591498e-08	9.59986720578	0.000402927848841	9.4925631511	0.000466083563653	88.3714593342	0.000928264218759	88.1341030751	0.000990696590957
12	0.01	9.52	8500.0	0.00998522471397	7.81083582715e-08	0.010006730323	1.00512918442e-07	9.6115299067	0.000429588707142	9.49104293831	0.000478218938045	88.3986144485	0.00100432469962	88.1308344787	0.00100575345565
12	0.01	9.52	8750.0	0.00997980264563	9.25803125084e-08	0.0100075531378	9.24677075213e-08	9.64242055998	0.000489159449149	9.48730588635	0.000432588281152	88.4723018308	0.00118668189964	88.1227868009	0.0009153033183
13	0.07	9.52	3500.0	0.0700823317096	3.60962383177e-09	0.0700325897941	1.93094477479e-07	9.49128705342	2.09466260816e-06	9.5213155536	3.46252221149e-05	88.1289291226	4.98302176707e-06	88.1887965183	0.000105584963192
13	0.07	9.52	3750.0	0.0700823860181	6.54119052497e-09	0.0700340689041	2.94179851215e-07	9.4927514827	3.58554893406e-06	9.52135456489	5.22978815061e-05	88.1316810112	7.46300379719e-06	88.1885267533	0.000158497441968
13	0.07	9.52	4000.0	0.0700742274312	3.65074781315e-08	0.0700382158062	3.6759116582e-07	9.50244183113	1.59317672789e-05	9.52152516145	6.85972911297e-05	88.1512098289	3.30181454827e-05	88.1880260983	0.000200048495438
13	0.07	9.52	4250.0	0.0700707705283	6.53050685634e-08	0.070048869843	3.07749020128e-07	9.51011442557	2.50294927806e-05	9.52186910959	4.73852331229e-05	88.1658708631	5.35994354363e-05	88.1864259852	0.000144150396161
13	0.07	9.52	4500.0	0.0700794264718	7.04543403277e-08	0.0700794334983	6.69158629323e-08	9.50810779765	2.68976308451e-05	9.50810508659	2.55808347585e-05	88.1610184449	5.7086455882e-05	88.1610125726	5.44118952786e-05
13	0.07	9.52	4750.0	0.0700863994035	1.26898190809e-08	0.0699653795155	7.72957996801e-08	9.50278320635	5.23280536353e-06	9.53210280451	1.97776519521e-05	88.1503672364	1.08315697209e-05	88.2223871071	5.03739841769e-05
13	0.07	9.52	5000.0	0.070091483396	2.07731608006e-08	0.0699588719041	1.1142886965e-07	9.49803308936	8.83541144542e-06	9.53266757789	2.8321260014e-05	88.1408724229	1.76274762458e-05	88.2252251399	7.254217989e-05
13	0.07	9.52	5250.0	0.070090751513	1.07623098738e-08	0.0699658499783	8.0684208914e-08	9.49513807138	4.93069134217e-06	9.53145039539	2.18179931768e-05	88.1354236915	1.09791098787e-05	88.2219190208	5.52462149279e-05
13	0.07	9.52	5500.0	0.070083125097	1.09904239151e-08	0.0699843793187	2.45034547718e-08	9.49488388898	4.79610963614e-06	9.52834563579	7.94901183046e-06	88.135701439	9.43341066351e-06	88.2124638865	1.89638585756e-05
13	0.07	9.52	5750.0	0.070071259424	2.22823473843e-08	0.0700117895428	7.76789777082e-09	9.49680948882	1.10130523671e-05	9.52359927712	1.63837893755e-06	88.1406254891	2.2507716519e-05	88.1977501819	3.59216910639e-06
13	0.07	9.52	6000.0	0.0700585250747	1.99968506234e-08	0.0700240871798	6.38660419582e-08	9.49990258027	1.03270015422e-05	9.52085399335	1.76454669036e-05	88.1479365343	2.12595803709e-05	88.1899350205	4.64817012518e-05
13	0.07	9.52	6250.0	0.0700490397018	2.82396299606e-08	0.0700204420305	3.90921965241e-08	9.50254468333	1.56698607118e-05	9.52071667361	5.40094289943e-06	88.1540689914	3.28048561824e-05	88.1905262529	1.85715775685e-05
13	0.07	9.52	6500.0	0.0700442471202	4.14527830834e-08	0.0700188509354	3.26973271684e-08	9.50400884259	2.41299055778e-05	9.52064542755	5.03325038935e-06	88.1574069312	5.11513102071e-05	88.190756434	1.69095728601e-05
13	0.07	9.52	6750.0	0.0700413562858	3.1980278858e-08	0.070017853039	3.56792512721e-08	9.5048089879	1.91163227225e-05	9.52060048202	5.66499414193e-06	88.1592563231	4.03879355831e-05	88.1908982878	1.99826579672e-05
13	0.07	9.52	7000.0	0.0700405849215	2.22026149959e-08	0.0700176393103	4.04498233259e-08	9.50482252882	1.32573978583e-05	9.52058448793	7.04221675758e-06	88.1593295592	2.79983834967e-05	88.1909057485	2.37290014844e-05
13	0.07	9.52	7250.0	0.0700409914613	3.80246215597e-08	0.0700178826882	3.0061758054e-08	9.50435251613	2.41785934784e-05	9.52058591461	4.8711753211e-06	88.1583179783	5.13992759112e-05	88.1908338994	1.72834002665e-05
13	0.07	9.52	7500.0	0.0700416843269	1.43992738776e-08	0.0700181187141	4.06217821922e-08	9.50366053547	8.50894875823e-06	9.5205844938	1.14628982085e-05	88.1568408137	1.76532965848e-05	88.1907604478	3.07835116162e-05
13	0.07	9.52	7750.0	0.0700420834324	2.40633430029e-08	0.0700182111058	3.48013198124e-08	9.50309447847	1.50978226686e-05	9.52058757636	4.96751944262e-06	88.1556495413	3.1880388125e-05	88.1907323783	1.8358797127e-05
13	0.07	9.52	8000.0	0.0700433267186	1.48139021813e-08	0.0700186918911	4.50282942076e-08	9.50247209436	8.59100073308e-06	9.52059153941	1.39788576671e-05	88.1542681936	1.798977433e-05	88.1906172581	3.72866485589e-05
13	0.07	9.52	8500.0	0.0700473891376	2.89864245901e-08	0.0700198368808	4.1672283355e-08	9.50141472767	1.77664948832e-05	9.52062062629	6.49084196601e-06	88.1517947719	3.73884888367e-05	88.1904185711	2.23326256241e-05
13	0.07	9.52	8750.0	0.070051551293	2.94379366705e-08	0.0700224037033	4.58938703371e-08	9.50082726176	1.79772930768e-05	9.52067744571	9.23817192688e-06	88.1501357074	3.78517812568e-05	88.1898892652	2.7832511812e-05
14	0.13	9.52	3500.0	0.130153259888	2.167768547e-09	0.130052799124	6.67635973385e-08	9.49752309588	2.55553825043e-07	9.52382135797	2.00123339778e-07	88.1379496353	4.70124258281e-07	88.1941061575	5.85556684272e-06
14	0.13	9.52	3750.0	0.130162766853	2.22724406684e-09	0.130055160374	6.32058547995e-08	9.49656631823	2.38630864437e-07	9.52399040863	1.23330498758e-07	88.1353507659	3.60282727756e-07	88.1941015219	6.80520684031e-06
14	0.13	9.52	4000.0	0.130189665914	1.16756504438e-09	0.130060805265	3.14059740997e-08	9.49605082971	3.87283638664e-07	9.52440439493	1.46866316796e-07	88.1329145215	1.10453803423e-06	88.1941072372	4.17387964125e-06
14	0.13	9.52	4250.0	0.130251607561	7.96004605192e-08	0.130075725772	8.37255023695e-08	9.49181921686	1.50725422652e-05	9.52550857778	8.51856492448e-07	88.1210370542	3.30626263518e-05	88.1941351957	1.15949773292e-05
14	0.13	9.52	4500.0	0.13027207561	7.15139052812e-08	0.130272075688	7.03974251868e-08	9.48944880129	1.35481349984e-05	9.48944877786	1.33340348255e-05	88.1150891984	2.95422224339e-05	88.1150891569	2.9077559622e-05
14	0.13	9.52	4750.0	0.130245509844	5.99741004274e-08	0.129931814629	1.25856385553e-07	9.49106763267	1.20110797501e-05	9.52272664453	4.16257538483e-06	88.1198005956	2.62116948964e-05	88.2073022285	2.07376872402e-05
14	0.13	9.52	5000.0	0.130225082522	8.29286642248e-08	0.129920468895	8.54448084113e-08	9.49205396354	1.7735509411e-05	9.52224463767	2.02464695102e-06	88.1228424684	3.86439034756e-05	88.2080796569	1.36814747532e-05
14	0.13	9.52	5250.0	0.130202825915	7.1069010517e-08	0.129931235884	9.6413837731e-08	9.49342442269	1.64337358403e-05	9.52216354667	2.76846805015e-06	88.1267440835	3.60726642067e-05	88.2067607072	1.48451994801e-05
14	0.13	9.52	5500.0	0.13017553163	4.63608837793e-09	0.129962446855	1.30521754756e-07	9.49579586294	7.11753222228e-07	9.52237212857	7.45862054833e-06	88.1330197109	1.34331313976e-06	88.2032550511	2.88478038239e-05
14	0.13	9.52	5750.0	0.130146164272	4.6656230194e-09	0.130010747866	2.26209303769e-09	9.49890220385	1.00126528344e-06	9.52279086851	4.51138084271e-07	88.1410097726	2.03699857968e-06	88.1977776856	5.28884693182e-07
14	0.13	9.52	6000.0	0.130119349632	1.27652473004e-08	0.130039362555	9.76139132504e-08	9.50207494338	3.17471215599e-06	9.5228454619	7.91440520331e-08	88.1490649555	6.871547706e-06	88.194118888	1.26587685556e-05
14	0.13	9.52	6250.0	0.130100604745	1.72806750858e-08	0.130033631232	9.69258377961e-08	9.50441806189	4.59910902172e-06	9.52242707775	1.77947807023e-07	88.1549851537	9.99124257958e-06	88.1941180326	1.29895064273e-05
14	0.13	9.52	6500.0	0.130092478259	2.13212160374e-08	0.130031163711	9.07026158803e-08	9.50537343174	6.03656501752e-06	9.52224581343	2.62513536372e-07	88.1573888779	1.31679611166e-05	88.1941156648	1.23244366789e-05
14	0.13	9.52	6750.0	0.130087306396	2.10742975726e-08	0.130029630405	8.43720572183e-08	9.50594399703	6.18018731597e-06	9.52213318251	2.90846523789e-07	88.1588376301	1.34890900646e-05	88.1941141827	1.17649331578e-05
14	0.13	9.52	7000.0	0.130086023436	2.23788607479e-08	0.130029375558	8.54381379288e-08	9.50592783115	6.73720084968e-06	9.52211312734	3.31071452188e-07	88.1588286042	1.47484530049e-05	88.1941115466	1.17419313155e-05
14	0.13	9.52	7250.0	0.130086938675	2.03475929056e-08	0.130029874231	8.35920910735e-08	9.50554786706	6.34183588682e-06	9.52214792165	3.16641777535e-07	88.1579222885	1.38666920585e-05	88.1941087949	1.19446771548e-05
14	0.13	9.52	7500.0	0.130087788396	1.83023311235e-08	0.130030352183	8.82925622407e-08	9.5051663594	5.62725430495e-06	9.52218155799	3.13077955269e-07	88.1570296709	1.23126915678e-05	88.1941065942	1.23735919613e-05
14	0.13	9.52	7750.0	0.130087975606	1.18396980602e-08	0.130030561655	8.47399765074e-08	9.50491674861	3.66938483542e-06	9.52219736558	5.10770220623e-07	88.1564649992	8.00619557234e-06	88.1941076361	1.27393731327e-05
14	0.13	9.52	8000.0	0.130090400136	2.21300462365e-08	0.130031406797	7.38896900061e-08	9.5044356883	7.02434072173e-06	9.52225587287	2.33589759341e-07	88.1552864407	1.5331099299e-05	88.1941020484	1.03829276391e-05
14	0.13	9.52	8500.0	0.130098060582	1.56705499872e-08	0.130033097289	9.64992908504e-08	9.50357818176	4.61691940653e-06	9.52238363063	4.96247355091e-07	88.1530898123	1.00552351563e-05	88.1941110771	1.3759278047e-05
14	0.13	9.52	8750.0	0.130112179636	1.7417749921e-08	0.130037430988	8.78293616315e-08	9.50145766177	4.97770313171e-06	9.52269240189	5.16113800374e-07	88.147667967	1.07977335599e-05	88.194099027	1.28641946157e-05
15	0.01	18.18	3500.0	0.00996382684758	1.96552542681e-07	0.0100134190293	9.61097343432e-08	18.4871212494	0.00154868786438	18.0935325844	0.000665046196289	89.2485663186	0.00107530279574	89.0032204793	0.000376238289989
15	0.01	18.18	3750.0	0.0099553645929	2.8863012763e-07	0.0100140889086	1.2071403677e-07	18.5493287905	0.00224928253679	18.0897915564	0.000810922324547	89.2930242573	0.00164403480762	89.0010531354	0.000457486926477
15	0.01	18.18	4000.0	0.00994441072282	1.47943242452e-07	0.010017235504	1.59273305279e-07	18.5653928696	0.000980659201931	18.0825196834	0.000989786609028	89.305476351	0.000729732406545	88.9968053951	0.000556132755287
15	0.01	18.18	4250.0	0.00993328265971	5.94003016547e-08	0.0100238516182	1.30834996335e-07	18.5759550515	0.000330816139216	18.0609071791	0.000737254136232	89.3140933987	0.000250614130533	88.9843338089	0.000417083862489
15	0.01	18.18	4500.0	0.00992529018053	1.12407105744e-07	0.0100226834715	3.87212821596e-07	18.6224243696	0.000620449106635	18.067470159	0.00227960274259	89.3499772211	0.000492921909073	88.9880790508	0.0012594556411
15	0.01	18.18	4750.0	0.00992578504865	1.86889561737e-07	0.010013313682	2.54012768779e-07	18.643962007	0.00113232845745	18.114299772	0.0015062489735	89.3668328248	0.000912617079006	89.0149035102	0.000849690793359
15	0.01	18.18	5000.0	0.00992690401886	2.30993456447e-07	0.0100090805456	3.71523120699e-07	18.6676507542	0.00147821395696	18.1353175904	0.00239011153956	89.3858345424	0.00122574735317	89.0271427891	0.00136018864687
15	0.01	18.18	5250.0	0.0099327840652	4.10337411671e-07	0.0100085937158	2.28086407502e-07	18.6634608302	0.00280592297771	18.1346100913	0.00158456524385	89.3820085199	0.00231164288593	89.0268257605	0.000900562084161
15	0.01	18.18	5500.0	0.00994493462664	4.20821127794e-07	0.0100106183936	1.37161515343e-07	18.6088150507	0.0031223913563	18.1164958273	0.00104547099305	89.3381093518	0.00242151780691	89.0164597561	0.000590001897765
15	0.01	18.18	5750.0	0.0099591826775	2.3989865165e-07	0.0100118103868	2.16133940676e-07	18.5240248619	0.00188428075027	18.1023786555	0.00151704977546	89.2748088277	0.001350351191	89.0084565966	0.000865765982436
15	0.01	18.18	6000.0	0.00997088936349	1.82414345645e-07	0.0100093566138	1.55001604003e-07	18.4453760986	0.00152984392688	18.1150005841	0.00119011700213	89.220052396	0.00103248346491	89.0158414307	0.000681294922218
15	0.01	18.18	6250.0	0.00997813261032	1.08423817531e-07	0.010007654628	1.21646143082e-07	18.3934208107	0.000932970682402	18.1241618907	0.000984880490223	89.1855621034	0.000607063837115	89.0212330141	0.000561790286374
15	0.01	18.18	6500.0	0.00998115161774	8.88248030434e-08	0.0100068340428	1.61053382585e-07	18.3741075973	0.000826688130179	18.128178324	0.00134195944192	89.1730368172	0.00053164990766	89.0235975446	0.000774504772656
15	0.01	18.18	6750.0	0.00998333781398	5.90047388327e-08	0.0100063217141	1.32953963121e-07	18.359771339	0.000585552771769	18.1304379456	0.0011033207096	89.1638361714	0.00037434723325	89.0249386381	0.000640623631689
15	0.01	18.18	7000.0	0.0099846414843	5.47608744966e-08	0.0100061439322	8.54298003606e-08	18.3527915516	0.000547824248021	18.1305053805	0.000784846202111	89.1593839035	0.000346670257034	89.0249828987	0.000451652955194
15	0.01	18.18	7250.0	0.0099856121385	5.81261125894e-08	0.0100060667549	1.44177469744e-07	18.3489143364	0.000596827403507	18.1298949381	0.00131463300245	89.1569191676	0.000377830305879	89.0246216737	0.000758577354432
15	0.01	18.18	7500.0	0.00998683427407	5.31645066407e-08	0.0100060594748	9.18515144374e-08	18.3414630576	0.000583363760496	18.1287928555	0.000854591255165	89.1522031305	0.00036861657775	89.0239779998	0.000494022313872
15	0.01	18.18	7750.0	0.00998811167819	5.08928107418e-08	0.0100059866239	9.57613782913e-08	18.33195828	0.000574815220637	18.1284634932	0.000908262805265	89.1462204415	0.000360723369628	89.0237837499	0.000525721349096
15	0.01	18.18	8000.0	0.00998813627138	6.24377060667e-08	0.0100061253702	9.20751620125e-08	18.3336111115	0.000697557662141	18.1269316206	0.000896200134483	89.1472621413	0.000438525479745	89.0228857024	0.000513746576658
15	0.01	18.18	8500.0	0.00998521727657	8.4185387572e-08	0.0100067277313	1.29811836496e-07	18.3563075436	0.000878475191636	18.1242790692	0.00120672106529	89.161640678	0.000557846800142	89.0213322802	0.000690809215201
15	0.01	18.18	8750.0	0.00997978605142	1.10202436466e-07	0.0100075690652	1.30348590347e-07	18.4158502231	0.00112469068971	18.1168894111	0.0012304255397	89.2002877578	0.000744981189883	89.0170063959	0.000701995116781
16	0.07	18.18	3500.0	0.0700823763598	3.98427791317e-08	0.0700325530334	4.4387195081e-08	18.1246658471	3.9645774742e-05	18.1825002628	1.45752978493e-05	89.020295988	2.27713297051e-05	89.0516893074	1.16456636337e-05
16	0.07	18.18	3750.0	0.0700824319641	4.32965939897e-08	0.0700340571785	5.40087089147e-08	18.1274843462	4.26736468055e-05	18.1825644213	1.72265876118e-05	89.0217380491	2.4524444422e-05	89.0515405281	1.40558680628e-05
16	0.07	18.18	4000.0	0.070074227104	1.14201600839e-07	0.0700382257111	5.96110572981e-08	18.1461815621	9.74168998352e-05	18.1828775106	1.87216864525e-05	89.0319952953	5.69295816141e-05	89.0512712755	1.54360092793e-05
16	0.07	18.18	4250.0	0.0700706811187	1.85018893765e-07	0.0700487576383	2.27193542226e-07	18.1610075009	0.000135355635035	18.1835532175	8.59815517818e-05	89.0397137937	8.03836594552e-05	89.0504604622	6.4650136189e-05
16	0.07	18.18	4500.0	0.0700794162582	1.67514923845e-07	0.0700794180838	1.67004995622e-07	18.1570836097	0.00012301991257	18.157082282	0.000122543611694	89.0371383159	7.24755305529e-05	89.0371375265	7.2220414247e-05
16	0.07	18.18	4750.0	0.0700863517257	2.0191419372e-07	0.0699653008749	1.36449467466e-07	18.146865255	0.000156356176013	18.2033479199	6.91455999269e-05	89.0315754013	9.15519315274e-05	89.0692913291	4.74072828171e-05
16	0.07	18.18	5000.0	0.0700914988195	1.14684597597e-07	0.0699589178463	1.29056869065e-07	18.1376741136	9.45887214379e-05	18.2043823642	4.890742347e-05	89.0265727651	5.50597677821e-05	89.0707336078	3.70188266689e-05
16	0.07	18.18	5250.0	0.0700907787862	9.24058852755e-08	0.0699658308817	1.67503003393e-07	18.1320931193	8.14317007066e-05	18.2020685311	8.139811252e-05	89.0237114073	4.71289178875e-05	89.0690255062	5.7396414745e-05
16	0.07	18.18	5500.0	0.0700831529228	8.35620703633e-08	0.0699843268496	4.7709229187e-08	18.1316074113	7.93338174509e-05	18.1960959917	2.69171064062e-05	89.0238562377	4.5961263916e-05	89.0640882844	1.8369017147e-05
16	0.07	18.18	5750.0	0.0700712992239	5.6378382309e-08	0.0700117850059	1.52644709295e-08	18.1353057972	5.69299181337e-05	18.1869005052	4.33623871848e-06	89.0264270933	3.30113108634e-05	89.0563626182	3.6624494351e-06
16	0.07	18.18	6000.0	0.0700585074524	2.3249854412e-08	0.0700241700514	4.1399558641e-08	18.1413248583	2.5319500701e-05	18.181569089	1.37439659784e-05	89.030291117	1.48812604551e-05	89.0522423031	1.0198258834e-05
16	0.07	18.18	6250.0	0.0700490293655	4.14531435611e-09	0.0700205090074	6.0180517994e-08	18.1464073196	4.69113350436e-06	18.1813102702	1.64866540182e-05	89.0334992157	2.5403225462e-06	89.052554798	1.61122966234e-05
16	0.07	18.18	6500.0	0.0700442490269	5.20542874998e-09	0.0700189081381	6.29271772663e-08	18.1492146999	5.87680209306e-06	18.18118138	1.54580370722e-05	89.0352400775	3.26534291814e-06	89.0526782976	1.35295341108e-05
16	0.07	18.18	6750.0	0.0700413565642	4.55200326306e-09	0.0700179070126	6.35309865439e-08	18.1507584402	5.56664699854e-06	18.1810966026	1.69310045316e-05	89.0362101873	3.03224691244e-06	89.0527528863	1.67742105392e-05
16	0.07	18.18	7000.0	0.0700405790619	3.85049433758e-09	0.0700176927245	6.68599052792e-08	18.1507939828	4.36365937812e-06	18.1810664838	1.91347938974e-05	89.0362538586	2.35623024196e-06	89.052756974	1.82909054345e-05
16	0.07	18.18	7250.0	0.0700409981661	6.52271662163e-09	0.0700179334294	6.68401443555e-08	18.149874644	7.87859859446e-06	18.1810688287	1.77359389753e-05	89.0357155681	4.40959827557e-06	89.0527197028	1.64803724104e-05
16	0.07	18.18	7500.0	0.0700416768674	6.60988077525e-09	0.0700181697926	6.54025761211e-08	18.1485621783	8.38761076e-06	18.1810733769	1.82617858802e-05	89.0349531941	4.93409944468e-06	89.0526848812	1.55729584761e-05
16	0.07	18.18	7750.0	0.0700420836245	6.27070422907e-09	0.0700182502809	5.9902273857e-08	18.1474635855	7.94017880864e-06	18.1810746318	1.99321021326e-05	89.0343241498	4.38993732559e-06	89.0526694591	1.76552591529e-05
16	0.07	18.18	8000.0	0.0700433188479	5.12046515602e-09	0.070018750189	5.76958433416e-08	18.1462768315	6.59170061083e-06	18.1810835023	1.75768623818e-05	89.0336074531	3.59906402523e-06	89.0526078218	1.6462541989e-05
16	0.07	18.18	8500.0	0.0700473841404	7.962714212e-09	0.0700198928105	5.89309561361e-08	18.1442340413	1.02714256544e-05	18.1811257984	1.73150507649e-05	89.0323086303	5.74634211809e-06	89.0524997786	1.66368998508e-05
16	0.07	18.18	8750.0	0.0700515325024	8.44266666191e-09	0.0700224929847	6.07259017458e-08	18.1431234061	1.0705247837e-05	18.181216921	1.56665852519e-05	89.0314530212	5.93440583651e-06	89.0522098418	1.59648506125e-05
17	0.13	18.18	3500.0	0.130153316195	2.93900262282e-08	0.130052800101	2.58411908286e-07	18.1366426989	1.49936570196e-05	18.1872965283	1.54399474518e-06	89.0250225459	8.92993601141e-06	89.0544539417	1.74893895961e-05
17	0.13	18.18	3750.0	0.130162827962	3.99480718544e-08	0.13005521074	2.59468915329e-07	18.1347952607	1.99866225919e-05	18.1876189413	1.72796016393e-06	89.02366044	1.18947657055e-05	89.0544479197	1.79617046631e-05
17	0.13	18.18	4000.0	0.130189736985	5.95291587518e-08	0.130060928153	1.96931482381e-07	18.1337931931	2.52733645713e-05	18.1884092895	1.88716557069e-06	89.0223842336	1.51126947583e-05	89.0544457321	1.35589537009e-05
17	0.13	18.18	4250.0	0.130251624921	1.46388277347e-08	0.130075811297	3.53434377849e-07	18.1256472678	5.36597138726e-06	18.1905181339	3.29444234359e-06	89.0161759489	3.2058652835e-06	89.0544624672	2.33533749739e-05
17	0.13	18.18	4500.0	0.130272075579	3.17697508587e-08	0.130272075289	3.13398383027e-08	18.1210824388	1.15064532366e-05	18.1210825622	1.14202026881e-05	89.0130638982	6.84497918524e-06	89.0130639654	6.77857215231e-06
17	0.13	18.18	4750.0	0.130245513036	1.28977177333e-08	0.129931656771	6.58133799051e-08	18.124207631	5.01811014643e-06	18.1853153998	8.45931440853e-06	89.0155312605	2.98105583657e-06	89.0613819328	7.94075774562e-06
17	0.13	18.18	5000.0	0.130225107855	2.50307033705e-08	0.129920319319	1.16015225281e-07	18.1261048598	1.01672729866e-05	18.1843996478	1.26921906999e-05	89.0171195176	6.07345603531e-06	89.0617881702	1.27258819482e-05
17	0.13	18.18	5250.0	0.13020288292	3.64959657264e-08	0.129931091991	8.6831592423e-08	18.1287368017	1.59146658901e-05	18.1842369576	9.37864886922e-06	89.0191550161	9.52087002298e-06	89.0610979071	9.57956244711e-06
17	0.13	18.18	5500.0	0.130175601599	4.7150975231e-08	0.129962439905	3.73484140501e-08	18.133303876	2.22439471062e-05	18.1845945249	4.76698204143e-06	89.0224375429	1.3273997004e-05	89.0592455701	4.55895857491e-06
17	0.13	18.18	5750.0	0.130146176138	4.47684097404e-08	0.130010731517	1.09665495957e-08	18.1393224559	2.31385977457e-05	18.1853561311	1.19713248898e-06	89.026639443	1.39358040999e-05	89.056377507	1.26757049029e-06
17	0.13	18.18	6000.0	0.130119349496	2.73192297897e-09	0.130039394037	2.11184209585e-07	18.1454470566	2.34354658804e-06	18.1854331505	3.01886270593e-06	89.0308628694	1.58153563669e-06	89.0544573234	1.55703671244e-05
17	0.13	18.18	6250.0	0.130100612288	4.52390065608e-10	0.130033656762	1.79843111092e-07	18.1499610233	1.12250691596e-06	18.1846341928	2.36627607387e-06	89.0339616983	7.34454064738e-07	89.0544572522	1.33011861968e-05
17	0.13	18.18	6500.0	0.130092489917	6.83049836292e-10	0.130031199036	1.54969680827e-07	18.1518017792	3.75326097992e-07	18.1842877441	2.05552175028e-06	89.0352200752	2.63252695295e-07	89.0544552161	1.15749134659e-05
17	0.13	18.18	6750.0	0.130087320912	1.47579532521e-09	0.130029623291	1.28051999105e-07	18.1529004952	1.94675875307e-07	18.1840736138	3.49180896364e-06	89.0359781105	1.5442319375e-07	89.0544578169	1.06296208907e-05
17	0.13	18.18	7000.0	0.130086038502	2.16687262014e-09	0.13002933605	8.14336067189e-08	18.1528692931	3.65165466298e-07	18.1840361514	3.05543497062e-06	89.0359731833	2.50625782856e-07	89.0544591097	7.24369590153e-06
17	0.13	18.18	7250.0	0.130086953729	1.08236985588e-09	0.130029889082	1.54616271175e-07	18.1521380701	1.92127422777e-07	18.1841013282	3.27852235229e-06	89.0354990453	1.54521596576e-07	89.0544532805	1.30194948387e-05
17	0.13	18.18	7500.0	0.130087802991	1.71673035487e-09	0.130030302924	7.49718338639e-08	18.1514033453	5.10604269223e-07	18.1841673403	2.77568564356e-06	89.035031661	3.49404764637e-07	89.0544574856	6.71905289582e-06
17	0.13	18.18	7750.0	0.130087986602	1.77418950431e-09	0.130030576626	1.3480472993e-07	18.1509249014	4.02109017038e-07	18.1841958939	4.36857374915e-06	89.0347373112	3.04118859111e-07	89.0544527251	1.16363558598e-05
17	0.13	18.18	8000.0	0.130090417333	1.90899382422e-09	0.130031347461	8.46346082325e-08	18.1499942503	4.18348180187e-07	18.1843094272	3.33211102919e-06	89.0341179049	2.87374524233e-07	89.0544559248	7.6761729725e-06
17	0.13	18.18	8500.0	0.130098068351	1.11022440814e-09	0.13003313052	1.89173383676e-07	18.148345918	7.96621933204e-07	18.1845509304	3.99897852809e-06	89.0329703741	5.72543006903e-07	89.05445293	1.52795231763e-05
17	0.13	18.18	8750.0	0.130112184632	7.02939478558e-10	0.130037440361	2.17645074991e-07	18.1442601013	1.67155917407e-06	18.1851406798	5.04328023251e-06	89.0301322449	1.1481470886e-06	89.0544483421	1.74868134984e-05
18	0.01	200	3500.0	0.00996279041273	5.17376470944e-07	0.0100133518256	1.64263719811e-07	203.479544033	0.0450677633713	199.050828078	0.0128402336107	89.9322213547	0.000259669591564	89.9094193334	6.07096809035e-05
18	0.01	200	3750.0	0.00995413506843	5.63182034956e-07	0.0100140140959	1.37847704462e-07	204.181396594	0.0487940643966	199.010958608	0.0109371319725	89.9363842859	0.000296137360942	89.9092294215	5.20631980516e-05
18	0.01	200	4000.0	0.00994383266019	2.87416819947e-07	0.0100171297324	2.41197012964e-07	204.294542379	0.0210170285388	198.932910425	0.0162816026727	89.9371318757	0.000129219877058	89.90885268	7.50783032133e-05
18	0.01	200	4250.0	0.00993299564521	1.78250108517e-07	0.0100238029837	1.77946928544e-07	204.387019556	0.0111030472502	198.688374244	0.0102756418737	89.9377686017	6.92456157282e-05	89.9076913373	4.72687504841e-05
18	0.01	200	4500.0	0.00992486857658	1.99337320736e-07	0.0100228981174	3.50233307532e-07	204.908176639	0.0125062270203	198.74423178	0.022640707091	89.9410903555	8.15525355768e-05	89.9079559973	0.000103020779757
18	0.01	200	4750.0	0.00992501750658	4.10604826665e-07	0.0100136668874	2.77112846045e-07	205.17040167	0.0268018813177	199.251233818	0.0182530545294	89.9427905013	0.000180265318613	89.9103480869	8.4771783887e-05
18	0.01	200	5000.0	0.00992534452587	5.7411022759e-07	0.0100095529993	3.25662799638e-07	205.491411759	0.0405181638045	199.472894494	0.0227712843	89.9449375138	0.000280362935284	89.9114116125	0.000106647699188
18	0.01	200	5250.0	0.00993052222096	6.88449843469e-07	0.0100089577239	2.57338039118e-07	205.507244155	0.0523145658223	199.471198565	0.0194502351459	89.9450127182	0.000362100827474	89.9114114289	9.09507731872e-05
18	0.01	200	5500.0	0.00994303021822	8.65688364632e-07	0.0100107592187	1.29140888997e-07	204.888037064	0.0711119021076	199.287148529	0.00980219136039	89.9408458453	0.000460574856295	89.9105438145	4.56492112461e-05
18	0.01	200	5750.0	0.00995784784431	4.97516773012e-07	0.0100118043988	1.87098177559e-07	203.913289466	0.0435535944096	199.14511609	0.0154258519667	89.934781009	0.000259613282645	89.9098794506	7.18586676547e-05
18	0.01	200	6000.0	0.00997015016208	4.32883683506e-07	0.0100093312096	1.5113107468e-07	202.997146702	0.0401798142607	199.285359585	0.0129730704435	89.9294920553	0.000224279700091	89.910555664	6.09615356208e-05
18	0.01	200	6250.0	0.00997764416753	2.88850866035e-07	0.0100076523506	1.18871635677e-07	202.403286922	0.0283884743692	199.384659867	0.0109122886749	89.926232531	0.000152767355384	89.9110370643	5.17160403394e-05
18	0.01	200	6500.0	0.00998077818734	2.54065912402e-07	0.0100068453765	1.4709525187e-07	202.1803733	0.0261296086732	199.427816595	0.0143375167755	89.9250385654	0.000138764105095	89.9112465881	6.73080226806e-05
18	0.01	200	6750.0	0.00998305920933	2.74690040056e-07	0.0100063118763	1.19971604249e-07	202.013389281	0.0294256297457	199.454828698	0.0118573248304	89.924154087	0.000154809079058	89.9113782763	5.60390789655e-05
18	0.01	200	7000.0	0.00998437961078	1.89696744548e-07	0.0100061094665	1.16290640738e-07	201.935470738	0.0209329228435	199.457875325	0.0121024936044	89.9237439361	0.000109656310502	89.9113933953	5.7348141738e-05
18	0.01	200	7250.0	0.0099853571178	1.58632231501e-07	0.0100060771134	1.11411039833e-07	201.893189235	0.0184586472797	199.446703927	0.0122047572916	89.923522101	9.63998816628e-05	89.9113395247	5.7733379353e-05
18	0.01	200	7500.0	0.0099866291797	1.8690741822e-07	0.0100060309388	1.23137375245e-07	201.805843204	0.0221660138032	199.438356844	0.0135981385203	89.9230659819	0.000115289579998	89.9112991838	6.38645082723e-05
18	0.01	200	7750.0	0.00998790083688	1.52019176054e-07	0.0100059977295	8.18954307643e-08	201.702121474	0.0182607038245	199.430790499	0.00979900320943	89.922527363	9.44926360215e-05	89.9112627608	4.59224573958e-05
18	0.01	200	8000.0	0.00998793200282	1.69588903845e-07	0.0100060896631	1.32642270115e-07	201.719752276	0.021224992733	199.418894063	0.0149116734694	89.9226189879	0.000109820233777	89.9112048761	7.03549702547e-05
18	0.01	200	8500.0	0.0099849350778	2.66262100305e-07	0.0100067288233	1.31393881867e-07	201.977903184	0.030814623128	199.384956965	0.0134843513865	89.9239684378	0.000161717315806	89.9110417501	6.33956208073e-05
18	0.01	200	8750.0	0.00997934074548	2.63856864063e-07	0.0100075191781	1.49091076036e-07	202.653830719	0.0301039084785	199.30834056	0.014852367702	89.9275916021	0.000164395814525	89.9106721748	6.99470343809e-05
19	0.07	200	3500.0	0.0700823785399	5.11247321842e-08	0.0700325214379	6.11117482961e-08	199.389368085	0.000572056497305	200.027338786	0.000198319232877	89.9109486783	2.73439354594e-06	89.9138024471	1.51177851478e-06
19	0.07	200	3750.0	0.0700824059833	8.81498588515e-08	0.0700340523748	6.81260833461e-08	199.42078673	0.000970922486987	200.02789345	8.50158211682e-05	89.9110813261	4.66014797822e-06	89.9137882229	1.03329627377e-06
19	0.07	200	4000.0	0.0700741112012	1.42668245137e-08	0.0700382758528	3.85664583102e-08	199.627875324	0.000138865845021	200.031254568	0.00020431312033	89.9120177285	6.57797831249e-07	89.9137629178	7.65127882728e-07
19	0.07	200	4250.0	0.0700705218141	2.96621063621e-08	0.0700487409536	1.18302138604e-07	199.7916263	0.000251467920858	200.039054935	0.000462681149247	89.9127204551	1.181717622e-06	89.9136915952	2.88697322211e-06
19	0.07	200	4500.0	0.0700791461456	4.22558930454e-08	0.0700791517257	3.93169676702e-08	199.749209135	0.000350126017174	199.749161338	0.000319580291558	89.9124906729	1.68236176807e-06	89.912490443	1.5517590953e-06
19	0.07	200	4750.0	0.0700863398235	1.41278840831e-07	0.0699654224545	5.52410748366e-08	199.634395512	0.0012094863657	200.257045351	0.000273288846603	89.9119747871	5.85640372499e-06	89.9153989495	1.57259601225e-06
19	0.07	200	5000.0	0.0700914533349	1.49827640343e-07	0.0699589231568	4.49452839416e-08	199.533300251	0.00136336788083	200.269158592	0.000230818463681	89.9115214822	6.57021690941e-06	89.9155336775	1.26365129566e-06
19	0.07	200	5250.0	0.0700907497409	1.35593019158e-07	0.0699658924826	6.75140431621e-08	199.471603401	0.00132692571702	200.24325499	0.000336813928606	89.9112607189	6.3650896711e-06	89.9153763703	1.83803654548e-06
19	0.07	200	5500.0	0.0700831058148	1.04667247044e-07	0.069984333839	6.97821463004e-08	199.46647506	0.00109918357782	200.177534816	0.000444975114794	89.9112748897	5.28449144007e-06	89.9149292075	2.47165703094e-06
19	0.07	200	5750.0	0.0700712165806	9.76743337484e-09	0.0700117925139	1.2152530439e-08	199.507736391	0.00011468301379	200.075999268	6.80414230103e-05	89.9115106905	5.50031356231e-07	89.9142271453	3.91210690718e-07
19	0.07	200	6000.0	0.0700585040183	5.92942176918e-09	0.0700242011107	8.07569317405e-08	199.573281374	7.2260902696e-05	200.017073583	0.00028320670168	89.9118576982	3.28317021084e-07	89.9138521463	2.02083451703e-06
19	0.07	200	6250.0	0.070049037588	5.631059029e-09	0.0700205523405	6.34139164075e-08	199.629231427	6.83335731951e-05	200.01416432	0.000221571245555	89.9121486153	3.12459438832e-07	89.9138799526	1.59642387578e-06
19	0.07	200	6500.0	0.0700442568014	5.2686180126e-09	0.0700189540024	5.54338489003e-08	199.660219681	6.73614109807e-05	200.012717301	0.000200447294439	89.9123069081	3.15847367759e-07	89.9138910737	1.44429778386e-06
19	0.07	200	6750.0	0.0700413629787	4.47845907425e-09	0.0700179373169	6.71769865208e-08	199.677277187	5.98885466219e-05	200.011853526	0.000245814729314	89.9123951872	2.71414957423e-07	89.913898288	1.76488711229e-06
19	0.07	200	7000.0	0.0700405860172	5.57607845144e-09	0.0700177114458	7.27049303426e-08	199.677661507	7.50849837865e-05	200.011560787	0.000261517951399	89.912399114	3.46621021268e-07	89.9138989435	1.89475202196e-06
19	0.07	200	7250.0	0.0700410061345	5.47816811347e-09	0.0700179735376	5.63335471197e-08	199.667509166	8.13447278228e-05	200.011497609	0.000214224366921	89.9123501458	3.79122165307e-07	89.91389494	1.51718875293e-06
19	0.07	200	7500.0	0.0700416855612	6.73380739409e-09	0.0700181865522	8.63664376628e-08	199.653018683	9.22121687606e-05	200.011636829	0.000341889809152	89.9122808112	4.3242357675e-07	89.9138924251	2.40557205894e-06
19	0.07	200	7750.0	0.070042092409	4.44223798393e-09	0.070018297306	6.33930617057e-08	199.640894348	6.34153595546e-05	200.011523734	0.000252461317414	89.9122235954	2.99705174743e-07	89.9138901508	1.7973754885e-06
19	0.07	200	8000.0	0.0700433285384	4.73866731294e-09	0.0700187581994	7.45817315376e-08	199.627784981	6.4924724656e-05	200.011776755	0.000294421512684	89.912158376	2.91202658586e-07	89.9138856539	2.07140879754e-06
19	0.07	200	8500.0	0.0700473955616	4.30006099081e-09	0.0700199449718	6.51534202258e-08	199.605218752	5.9966823821e-05	200.01208885	0.000254273746428	89.9120402199	2.55361054107e-07	89.9138745913	1.79388168779e-06
19	0.07	200	8750.0	0.0700515443819	6.26756543991e-09	0.0700225255397	7.63860316246e-08	199.59297282	8.88210339102e-05	200.01317293	0.000302251489927	89.9119625227	4.09208589744e-07	89.9138489931	2.12522861205e-06
20	0.13	200	3500.0	0.130153326381	3.67703476499e-08	0.13005272539	2.73462649549e-08	199.521294076	0.000207583610535	200.080304555	2.65274848616e-06	89.9113778971	1.0153961455e-06	89.9140543282	1.70632912953e-07
20	0.13	200	3750.0	0.130162816854	4.48373166065e-08	0.130055159009	1.3513720225e-07	199.501013528	0.000255351275283	200.083835075	3.63081984872e-05	89.9112546616	1.270298011e-06	89.914053571	9.65450690755e-07
20	0.13	200	4000.0	0.130189768795	4.96761004135e-08	0.130060746104	1.51327562322e-07	199.489704374	0.000232719432737	200.092537538	3.80609470773e-05	89.9111375964	1.147236686e-06	89.9140541501	1.03812457525e-06
20	0.13	200	4250.0	0.130251633329	5.16657092203e-08	0.130075870011	2.85714017362e-07	199.399840551	0.000206685417938	200.115705613	4.07933396148e-05	89.9105737407	1.01916056716e-06	89.9140541531	1.78922403478e-06
20	0.13	200	4500.0	0.13027211076	2.54743695479e-08	0.130272110987	2.43423062845e-08	199.34933197	0.000102716683389	199.349330611	9.56303393688e-05	89.9102902886	5.01581811959e-07	89.910290283	4.75561391035e-07
20	0.13	200	4750.0	0.130245534903	4.73800107124e-08	0.129931657882	1.88125575068e-07	199.383904974	0.000199731573634	200.058840186	0.000236577310659	89.9105148405	9.81968565345e-07	89.9146834642	1.94173847074e-06
20	0.13	200	5000.0	0.130225139411	3.71657931109e-08	0.129920319466	2.1558503988e-07	199.404820907	0.000167504210592	200.048775364	0.000260118171228	89.9106589946	8.22023562478e-07	89.9147203452	2.26353994163e-06
20	0.13	200	5250.0	0.130202901717	5.15506631905e-08	0.129931084948	1.86005714658e-07	199.43394648	0.000249605225202	200.046959224	0.000234984479735	89.9108443054	1.22624351555e-06	89.9146576725	1.97950865895e-06
20	0.13	200	5500.0	0.130175583959	6.87648671856e-08	0.129962414924	8.27370143905e-08	199.484565617	0.000362860672417	200.050825309	0.000103931483481	89.9111436321	1.79555533645e-06	89.9144895311	8.77047428956e-07
20	0.13	200	5750.0	0.130146180579	6.09426243643e-09	0.130010728663	5.11177912612e-09	199.550905788	4.38556245035e-05	200.059035311	5.24313749699e-06	89.9115250728	2.40572081671e-07	89.9142286435	5.00223777109e-08
20	0.13	200	6000.0	0.130119373284	1.55299070816e-09	0.130039333453	6.35756056113e-08	199.618416032	1.15133288141e-05	200.059797754	2.22395462002e-05	89.9119084965	6.0101519729e-08	89.9140545234	4.76757594794e-07
20	0.13	200	6250.0	0.130100632328	2.22930191687e-09	0.130033610807	5.48564563794e-08	199.668274459	1.2574808559e-05	200.051002337	2.19886338682e-05	89.9121903069	5.86137524309e-08	89.9140544097	4.24768361493e-07
20	0.13	200	6500.0	0.130092507068	4.01412929762e-09	0.130031141847	3.85146311714e-08	199.68859745	1.46910710313e-05	200.047196549	1.1692778003e-05	89.9123047079	6.66332298564e-08	89.9140543213	2.83916151061e-07
20	0.13	200	6750.0	0.130087332725	1.0263813071e-08	0.130029613879	2.75376209752e-08	199.700756592	4.70695750629e-05	200.0448292	6.77023154098e-06	89.9123737503	2.16496720442e-07	89.9140542144	1.96294338961e-07
20	0.13	200	7000.0	0.130086054853	5.32795674846e-09	0.130029355991	3.67843758269e-08	199.700388429	1.8671854536e-05	200.044407874	1.10476949841e-05	89.9123731924	8.36335953835e-08	89.9140541092	2.75372497656e-07
20	0.13	200	7250.0	0.130086970406	4.46350369612e-09	0.130029859493	4.23211434501e-08	199.692312622	2.08990972137e-05	200.045138383	1.51330867293e-05	89.9123300653	9.56871146286e-08	89.9140539491	3.20659899081e-07
20	0.13	200	7500.0	0.13008781773	7.74722692904e-09	0.130030333581	2.90277955728e-08	199.684211554	3.27774889038e-05	200.04584687	9.96862891275e-06	89.912287613	1.44026942014e-07	89.9140538711	2.27334589229e-07
20	0.13	200	7750.0	0.130088001586	7.76666391673e-09	0.130030557663	2.38175120613e-08	199.678929107	3.68337960983e-05	200.046176653	8.56999373783e-06	89.9122608412	1.66988479326e-07	89.9140538219	1.80041955007e-07
20	0.13	200	8000.0	0.130090435054	5.54691416372e-09	0.13003137545	2.70556450771e-08	199.668638962	1.94843477622e-05	200.047410679	9.659944251e-06	89.9122044565	8.48103524433e-08	89.9140537515	2.0985141673e-07
20	0.13	200	8500.0	0.13009808658	6.7165049608e-09	0.130033078188	2.86943952282e-08	199.650436054	2.44860447338e-05	200.05009556	1.07491454026e-05	89.9121001177	1.05321321226e-07	89.9140541011	2.2223480298e-07
20	0.13	200	8750.0	0.130112212964	6.90565498964e-09	0.130037383734	2.98737732404e-08	199.605286167	2.81852557519e-05	200.056589406	1.24292609926e-05	89.911841923	1.20460492265e-07	89.914053744	2.39151176886e-07
