# Results of the simulations. Done for the linear LD law with:
# Period = 1.0, t0 = 0.0, b = 0.8, N = 1000 and n_try = 100
#
# gnum 	 input_p 	 input_a 	 input_teff 	 p_fixed 	 sigma_p_fixed 	 p_float 	 sigma_p_float 	 a_fixed 	 sigma_a_fixed 	 a_float 	 sigma_a_float	 i_fixed 	 sigma_i_fixed 	 i_float 	 sigma_i_float
0	0.01	3.27	3500.0	0.0100982761239	1.33551067597e-06	0.0103085599813	3.24037009942e-06	3.30604218879	0.00168400426387	3.12780863257	0.00330507830073	76.0539577503	0.011912502044	74.7564338851	0.0254859177906
0	0.01	3.27	3750.0	0.0101056411343	2.57254054081e-06	0.0102898666849	4.56091262614e-07	3.28871999282	0.00314129497125	3.13266012539	0.000471185154069	75.934125453	0.0225518231528	74.7945875219	0.00353290752726
0	0.01	3.27	4000.0	0.0101187528153	2.95402996481e-07	0.0102043501813	2.19743148674e-06	3.23496223745	0.000319599208544	3.16604580499	0.00217751166642	75.5586597524	0.00234330172469	75.0534892669	0.0164635567128
0	0.01	3.27	4250.0	0.0100936630312	1.65912320895e-06	0.0100865953021	2.15965884959e-06	3.21483830729	0.00165318116495	3.22036749134	0.00205868419087	75.4263694932	0.0122495389153	75.4665629549	0.0151680815305
0	0.01	3.27	4500.0	0.0100590843731	7.93685542859e-07	0.0100612108835	7.42845928577e-07	3.23926398224	0.000799185658155	3.23753741766	0.00071890853584	75.6077222482	0.00585597710579	75.5952690484	0.0052561347088
0	0.01	3.27	4750.0	0.010037475154	1.69040447622e-06	0.0100897429529	1.49030886968e-07	3.27377025263	0.00179486232632	3.23062110443	0.000151736945819	75.8526677079	0.0129409961183	75.5436446398	0.00111399188162
0	0.01	3.27	5000.0	0.0100266308003	1.53980918375e-06	0.0101244399158	1.96617261669e-06	3.30223825349	0.00170606479617	3.21957591746	0.0019646628046	76.0503550918	0.012166520603	75.4606817652	0.0144936043175
0	0.01	3.27	5250.0	0.0100236337045	2.98330205477e-06	0.0101593571632	1.5967388651e-06	3.32408181598	0.00352018456382	3.20622398954	0.00165758435391	76.1993905726	0.0248050588817	75.3600520354	0.0123040919658
0	0.01	3.27	5500.0	0.0100312471442	6.44286332669e-07	0.0101898943669	2.70019859875e-07	3.33236953569	0.000772387971413	3.19254619835	0.000291835544056	76.2533696402	0.00546353099752	75.2566014488	0.00217882261187
0	0.01	3.27	5750.0	0.0100424439486	3.44266192804e-07	0.0102143285743	1.71428723424e-06	3.33392059623	0.000456288701325	3.18019560875	0.00188171853173	76.26113845	0.0032315976107	75.1626666517	0.0141279457277
0	0.01	3.27	6000.0	0.0100628248177	3.28642313825e-06	0.010233835221	2.87638441934e-07	3.3206170749	0.00465418837331	3.16809850933	0.000338632757691	76.1657552247	0.0327393737994	75.0701377798	0.00255799300467
0	0.01	3.27	6250.0	0.0100797345857	9.28203172753e-07	0.0102440895716	2.62088784177e-06	3.30596166509	0.00136648884398	3.16055532144	0.0031200824913	76.0614004204	0.00970291020415	75.0121431785	0.0236511794384
0	0.01	3.27	6500.0	0.0100959196741	2.30095514034e-06	0.0102493424826	4.35667596086e-07	3.28670752313	0.00356283460929	3.15303975077	0.000542116202228	75.9244897142	0.0254157603584	74.9545234589	0.00412142694598
0	0.01	3.27	6750.0	0.0101056531364	1.10266448474e-06	0.010251446973	5.19544298912e-07	3.27496996305	0.00176543220494	3.14972673328	0.000666571633013	75.8404588188	0.0126499812	74.9289138964	0.00507697116998
0	0.01	3.27	7000.0	0.0101120428244	8.00546496481e-07	0.0102532918405	2.88869145873e-07	3.26719085844	0.00132804785158	3.1471899472	0.000394662127433	75.7844437098	0.0095345523218	74.9092782336	0.00301441436689
0	0.01	3.27	7250.0	0.010116195135	1.98310994669e-06	0.010255580374	3.55620675441e-07	3.2629841901	0.00332262339178	3.14491090063	0.000479171065853	75.7539260949	0.0239711685858	74.8915487899	0.00365515266154
0	0.01	3.27	7500.0	0.0101207063063	3.44015189321e-06	0.0102585823751	8.91366188752e-07	3.25773646499	0.00590111196027	3.14310492523	0.00122476633705	75.7156055764	0.0426110007942	74.8775000428	0.00939520289258
0	0.01	3.27	7750.0	0.010122150854	2.64537061171e-06	0.0102610038096	1.56734371498e-07	3.25686542353	0.00468433984848	3.14202423382	0.000219512557234	75.7089809127	0.0338119435394	74.8690844041	0.00167393355147
0	0.01	3.27	8000.0	0.0101199783682	2.92382841797e-06	0.0102584098799	3.58006917474e-07	3.25834287863	0.00524170008889	3.14405213581	0.000484869744904	75.7199393957	0.0377395488104	74.88485061	0.00369729466334
0	0.01	3.27	8500.0	0.0100843946523	4.72537492848e-07	0.0102316221091	2.17989840587e-07	3.29550033642	0.000810733621873	3.16669278735	0.000298556274421	75.9887646139	0.00575532886311	75.0597930707	0.00225599424121
0	0.01	3.27	8750.0	0.0100856251176	5.25145588083e-07	0.0102135071511	5.29022728962e-07	3.28315859207	0.000835581445664	3.17236202606	0.000749689372555	75.9034599344	0.00605572112713	75.1034012783	0.00565059708897
1	0.07	3.27	3500.0	0.0709690362166	7.46490600383e-08	0.0709669137417	1.19880156831e-07	3.27634378811	1.03756862809e-05	3.27136918313	2.52451130749e-05	75.8193300741	7.6166122343e-05	75.7764550028	0.000193362900872
1	0.07	3.27	3750.0	0.0708971653324	4.71871178063e-08	0.0708937767523	6.42771808712e-08	3.27795526523	6.32869080011e-06	3.27108409923	1.68428343513e-05	75.8372135506	4.69753161008e-05	75.7779812709	0.000135281157827
1	0.07	3.27	4000.0	0.0705606138077	5.60042781124e-09	0.0705710404094	5.03250028113e-08	3.28264342053	8.33942456325e-07	3.27017244631	1.14831815183e-05	75.8975731859	6.04838379372e-06	75.7889566172	9.45438409713e-05
1	0.07	3.27	4250.0	0.0701659693026	8.07591192966e-09	0.0701947098451	1.94753851396e-08	3.28154451093	8.80192165176e-07	3.27064391604	3.13618373153e-06	75.916619132	6.61614349202e-06	75.8205523627	2.4227586914e-05
1	0.07	3.27	4500.0	0.0701388000558	1.3537442436e-08	0.070154059515	1.66510677891e-08	3.27715370107	1.61394185099e-06	3.27154586441	2.76854420344e-06	75.884494802	1.1956686524e-05	75.8350269296	2.2345998801e-05
1	0.07	3.27	4750.0	0.0702812310975	2.82593423269e-09	0.0702856289462	4.72269848235e-08	3.27400365033	2.42784618085e-07	3.2719186518	7.70909250007e-06	75.8499150248	1.8455843509e-06	75.831590626	6.05223243244e-05
1	0.07	3.27	5000.0	0.0704288657708	7.91687495254e-09	0.0704283787745	1.71399907005e-08	3.27186496692	9.78537132857e-07	3.27220947776	3.21182080286e-06	75.8227599784	7.04976884529e-06	75.8257744885	2.6319256707e-05
1	0.07	3.27	5250.0	0.0705623012366	2.63801855174e-08	0.0705610442718	8.40225237707e-08	3.27043798666	3.42030515667e-06	3.27237749607	1.58704326399e-05	75.8021509396	2.51859880078e-05	75.8190251746	0.000126384177545
1	0.07	3.27	5500.0	0.0706689975895	1.33929499748e-07	0.0706695195938	5.41997605866e-08	3.26963471568	1.80596079686e-05	3.27235607519	1.15212459422e-05	75.7883315262	0.000135448823127	75.811899368	9.03306017903e-05
1	0.07	3.27	5750.0	0.0707501177289	9.32368384323e-08	0.0707525681979	5.94928282014e-08	3.26954732547	1.33611941701e-05	3.27216134993	1.53775079182e-05	75.7819879558	9.89735021304e-05	75.804511536	0.000121824684523
1	0.07	3.27	6000.0	0.0708093898259	6.22548271967e-08	0.0708114717386	1.8508581356e-07	3.27048291219	9.56015515521e-06	3.27179078192	4.5588991442e-05	75.7853019604	7.03127103862e-05	75.796513325	0.00036620802352
1	0.07	3.27	6250.0	0.070843065848	3.20377880464e-08	0.0708429753651	2.44460594878e-08	3.27146553433	5.39353269737e-06	3.27142534626	6.71510393694e-06	75.7908325719	4.10080312054e-05	75.7904898462	5.14105298403e-05
1	0.07	3.27	6500.0	0.0708528209649	5.24481513033e-08	0.0708484506341	6.78263828882e-08	3.27267439999	8.9106005125e-06	3.27112215638	2.83050533155e-05	75.799861106	6.50836471375e-05	75.786636632	0.00022518590321
1	0.07	3.27	6750.0	0.0708624209933	4.48467288589e-08	0.0708544284998	4.58351192292e-08	3.2734292364	7.82542780465e-06	3.27091647431	2.02171866095e-05	75.8052855568	5.73421133877e-05	75.7839342386	0.000159283379473
1	0.07	3.27	7000.0	0.0708718529092	5.34439816689e-08	0.0708613829336	2.69766991554e-08	3.2738464965	9.75170891748e-06	3.27082727232	1.28842999892e-05	75.8080113764	7.10040313877e-05	75.7824107683	0.000102486325133
1	0.07	3.27	7250.0	0.070883860269	4.29178088509e-08	0.0708713667571	2.4084343871e-08	3.27414597622	7.99779375257e-06	3.27079654167	1.09469757737e-05	75.8096029987	5.81819329027e-05	75.7812541004	8.58890462884e-05
1	0.07	3.27	7500.0	0.0708985838385	4.35081502556e-08	0.0708861999031	1.00922760788e-08	3.27401074247	8.52225094801e-06	3.27085103385	5.80541811216e-06	75.8075241559	6.14189857721e-05	75.7808223391	4.48594184385e-05
1	0.07	3.27	7750.0	0.0709112931143	5.3873192528e-08	0.0708999909769	1.81300925989e-08	3.27370526043	9.04496798485e-06	3.27093505579	6.6006032654e-06	75.8042250602	6.77678857079e-05	75.7808391984	4.95282582064e-05
1	0.07	3.27	8000.0	0.0709060717051	9.73349394342e-08	0.0708973409577	2.16516257343e-08	3.27318455279	1.6742673372e-05	3.27106650188	1.33535835665e-05	75.8004548912	0.000124713300801	75.782580741	0.000103238870822
1	0.07	3.27	8500.0	0.0708321595385	7.67304820082e-08	0.0708432908363	3.58388671533e-08	3.26888805543	1.20476455051e-05	3.27192105207	1.41190594336e-05	75.771401018	9.10193431124e-05	75.7970959752	0.000109170541353
1	0.07	3.27	8750.0	0.0707685355969	6.9160448443e-08	0.0707747745188	1.82275306947e-08	3.27016484294	1.24089988475e-05	3.27179037199	1.16242777359e-05	75.7860711927	9.16827462914e-05	75.7998297374	9.36977347367e-05
2	0.13	3.27	3500.0	0.131395151286	1.11468868514e-08	0.131384382539	1.06684330996e-08	3.29414825982	5.10792861582e-07	3.29168948759	2.34543120106e-06	75.9574708054	4.14972936914e-06	75.9295743438	2.26606555693e-05
2	0.13	3.27	3750.0	0.131293951517	2.03837172101e-08	0.131279493953	1.25138470614e-08	3.29336272509	1.5984441558e-06	3.29018246592	5.78426382443e-06	75.9581537183	1.12467998767e-05	75.922103094	5.92628799629e-05
2	0.13	3.27	4000.0	0.130804636117	9.73467533896e-09	0.130800899093	1.91808248625e-08	3.28827240165	4.03240640321e-07	3.28324358015	2.76431610811e-06	75.9473663938	3.14604715253e-06	75.8886594502	2.70490548148e-05
2	0.13	3.27	4250.0	0.130260360299	3.83785062523e-09	0.130278152738	1.31491711386e-08	3.27895563002	1.72248443077e-07	3.27489280993	1.41811096415e-06	75.9028426805	1.36097185928e-06	75.8534398854	1.52375798697e-05
2	0.13	3.27	4500.0	0.130226184433	7.31416554323e-10	0.130236222235	6.14563955432e-09	3.27598845651	2.22128871274e-08	3.27376622063	5.83315839268e-07	75.8788188887	1.97777787112e-07	75.8517362834	5.90124444227e-06
2	0.13	3.27	4750.0	0.130419698811	3.63786799618e-10	0.130422568252	3.37857181532e-09	3.27752223352	6.11674448909e-08	3.27644370672	4.56066990288e-07	75.8783093965	4.03665911769e-07	75.8653509989	4.82658668272e-06
2	0.13	3.27	5000.0	0.130625211034	6.97189728396e-09	0.130625387115	7.76375754512e-09	3.27972756427	3.39230482198e-07	3.27943953811	5.30493818655e-07	75.8831115091	2.5755001502e-06	75.8797046798	5.15593261959e-06
2	0.13	3.27	5250.0	0.130815359165	7.42476304838e-09	0.130815749475	5.58465650264e-09	3.28204678718	4.26136992081e-07	3.28228385959	8.93896999605e-07	75.8902081918	3.24013015677e-06	75.8929633572	8.96781768629e-06
2	0.13	3.27	5500.0	0.130971133642	2.01564888904e-08	0.130973111755	3.5934397022e-09	3.28415280675	1.36627234632e-06	3.28466045206	1.65649874748e-06	75.8980087778	9.92267362361e-06	75.903809939	1.83904366327e-05
2	0.13	3.27	5750.0	0.131092281866	1.6163037677e-08	0.131094992709	1.84478831091e-08	3.28608813287	1.0069304188e-06	3.28654686135	4.43817835544e-06	75.9069193161	7.42218741946e-06	75.9120773982	4.22598937877e-05
2	0.13	3.27	6000.0	0.131183492947	8.52817097234e-09	0.131183015818	4.09171001308e-09	3.28804518871	3.67977313097e-07	3.28798489112	1.88028180328e-06	75.9184284913	3.00490398956e-06	75.9177598721	1.93610374225e-05
2	0.13	3.27	6250.0	0.131238213828	4.76643758915e-09	0.131232612677	1.37030266089e-08	3.289416644	2.73513357726e-07	3.28882202165	4.66087905092e-06	75.9273766137	2.06589847104e-06	75.9208578291	4.19856934646e-05
2	0.13	3.27	6500.0	0.131258196866	5.82353187166e-09	0.13124514037	1.51833718534e-08	3.2903117091	4.41824878904e-07	3.28909317187	8.39186501218e-06	75.9346263247	3.05027121094e-06	75.9213932661	7.62288227149e-05
2	0.13	3.27	6750.0	0.131276965995	5.60191136605e-09	0.131258004543	1.98679049705e-09	3.290954919	6.53650209342e-07	3.28932769493	2.84069556192e-06	75.9395594551	4.07956691102e-06	75.9220209408	2.66158081665e-05
2	0.13	3.27	7000.0	0.131295246156	1.23902244619e-08	0.131272290394	2.68605968767e-09	3.29140532397	1.06341523205e-06	3.28955572037	3.47696696445e-06	75.9426923085	7.3689531971e-06	75.9228642319	3.18071442816e-05
2	0.13	3.27	7250.0	0.131317324922	1.34651974481e-08	0.131291130472	2.29375392117e-08	3.29184406976	1.22880927595e-06	3.28983910164	2.1202572635e-06	75.9454159179	8.36493665933e-06	75.9240265295	2.11208780847e-05
2	0.13	3.27	7500.0	0.131343167886	1.49919378118e-09	0.131316833988	6.9360286058e-09	3.29213169327	5.94145430566e-07	3.29019380552	2.3564436151e-06	75.9463675907	3.07462266052e-06	75.9257689727	2.09553584211e-05
2	0.13	3.27	7750.0	0.13136550354	2.8057359623e-09	0.131340498236	2.98926120656e-08	3.29229385207	3.85512045751e-07	3.29050973157	5.42809151465e-06	75.946354756	2.54344457365e-06	75.9274433328	4.94109253986e-05
2	0.13	3.27	8000.0	0.131359757349	3.281477737e-09	0.131338323078	1.90779881613e-09	3.29193039946	3.56188347246e-07	3.29041509619	2.2059526126e-06	75.9434520037	2.55602298522e-06	75.9274059237	1.92343778472e-05
2	0.13	3.27	8500.0	0.131248103616	1.15717978211e-08	0.131256602057	3.59019680248e-08	3.28815951537	7.95852586665e-07	3.28881253152	3.81029445727e-06	75.9161265531	5.96341273738e-06	75.9230997361	4.11752786966e-05
2	0.13	3.27	8750.0	0.131157128726	1.56880897761e-08	0.131158227364	8.58564361912e-09	3.28729267054	1.20529448511e-06	3.28737385941	2.7950352304e-06	75.91526111	8.79378684717e-06	75.9161257883	2.53537883078e-05
3	0.01	3.92	3500.0	0.0100993578323	1.51590236722e-06	0.0103093812539	4.9013225112e-07	3.96273054761	0.00235788863815	3.74279774088	0.000627247943672	78.3975092711	0.011364721178	77.3053053494	0.00329268614764
3	0.01	3.92	3750.0	0.0101081992859	4.07355944173e-07	0.0102904320088	7.66432771979e-07	3.93909821527	0.000605590835137	3.74911769206	0.000987076538803	78.2856260766	0.00296701693801	77.3391656655	0.00517603048918
3	0.01	3.92	4000.0	0.0101194324776	4.26944957957e-07	0.0102048783901	4.60263875333e-07	3.8755974842	0.000573559946459	3.79057945344	0.000572800232069	77.9834600567	0.00287648145825	77.5583684417	0.00295406327817
3	0.01	3.92	4250.0	0.0100940433536	1.27384281453e-06	0.0100870225522	1.13661594788e-07	3.8512390623	0.00156237002801	3.85802435756	0.000136162289193	77.8741788735	0.00790089586515	77.9078109135	0.000682069926633
3	0.01	3.92	4500.0	0.0100588569303	1.06016700418e-06	0.0100606935234	1.42694874526e-06	3.88222338684	0.00131931043344	3.88041067589	0.00168195329388	78.0308547692	0.00658975072483	78.0219584034	0.00837546248478
3	0.01	3.92	4750.0	0.0100378164073	2.42998768144e-07	0.0100899109093	3.56849430167e-07	3.92415710155	0.000320458094858	3.87103004552	0.000445735875213	78.2336716461	0.00157107725977	77.9743609045	0.00222936905782
3	0.01	3.92	5000.0	0.0100269322153	4.91863652751e-07	0.0101243435031	2.15297807422e-06	3.95937430069	0.000692007726156	3.85765321221	0.00265428861245	78.4003792876	0.00334213964756	77.9059079514	0.013332358314
3	0.01	3.92	5250.0	0.0100243041068	2.66045614713e-07	0.0101598027211	3.10514866194e-07	3.98578165227	0.000385510998549	3.84043937611	0.000398688694532	78.5231187743	0.00185432712271	77.817604431	0.00201838543756
3	0.01	3.92	5500.0	0.0100290864369	3.57607626852e-06	0.0101902093391	5.57126030556e-07	4.00035669021	0.00551440791074	3.82364126739	0.000738059446426	78.589334378	0.0263545706268	77.7310255755	0.00375583600573
3	0.01	3.92	5750.0	0.0100430652304	4.4356932357e-07	0.0102135062438	2.08248620356e-06	3.99787310912	0.000733063609814	3.80985224273	0.0028220588797	78.5749580809	0.00347280750873	77.6594608478	0.0144531759068
3	0.01	3.92	6000.0	0.010060808258	3.34257533746e-06	0.0102344136381	3.39352827324e-07	3.98599959585	0.00570602783282	3.79294060434	0.000481829106829	78.5165894794	0.0273854065818	77.5714685783	0.00248576243751
3	0.01	3.92	6250.0	0.0100804564705	1.02533241623e-06	0.0102447498615	1.43641843941e-06	3.9630621508	0.00187700034101	3.7834170992	0.00212327728139	78.4056546215	0.00904512110399	77.5215621062	0.0109979508768
3	0.01	3.92	6500.0	0.0100939807156	2.73278150488e-06	0.0102476570658	2.51523982871e-06	3.94414866485	0.00510796873016	3.77767159955	0.00386640648945	78.3141967882	0.024877103287	77.4913738517	0.0200320938024
3	0.01	3.92	6750.0	0.0101062750568	1.46857289168e-06	0.0102516874817	8.33628965539e-07	3.92483801869	0.00289717970951	3.77057650891	0.00133176743761	78.220003886	0.0141495759915	77.454230611	0.00691952943178
3	0.01	3.92	7000.0	0.0101126015468	1.04555017925e-06	0.0102535695482	6.51714129162e-07	3.91532323971	0.0021181710025	3.76736631639	0.0010843517787	78.1733152024	0.0103808835089	77.4373011393	0.00564405407365
3	0.01	3.92	7250.0	0.0101179567507	1.18593126564e-06	0.0102559926925	4.63494559301e-07	3.90765655016	0.00249043352604	3.76428218599	0.000782888601886	78.1354467026	0.0122270517244	77.4209648547	0.00407629867155
3	0.01	3.92	7500.0	0.0101212350698	3.17068622179e-06	0.0102587083335	6.99952197987e-07	3.90361820558	0.00675924052779	3.76252328547	0.00120964547373	78.1152736288	0.0332429574414	77.4115932541	0.00630672417476
3	0.01	3.92	7750.0	0.0101231248005	3.1743598923e-06	0.0102612910687	4.67765402838e-07	3.90167334593	0.00684122481976	3.76092616604	0.000845341517064	78.1053683108	0.033702904011	77.403137586	0.004408256665
3	0.01	3.92	8000.0	0.0101208953615	2.12116579918e-06	0.0102588450786	3.64776098424e-07	3.90363190276	0.00456763839228	3.76315535031	0.000642451567963	78.1152177911	0.0225205726052	77.4149799743	0.00334373405866
3	0.01	3.92	8500.0	0.0100847248432	9.62692828529e-07	0.0102319007944	4.91242718481e-07	3.95078858869	0.00203595557337	3.79152468692	0.0008357021454	78.3476336258	0.00984852164534	77.5643971054	0.00431048807503
3	0.01	3.92	8750.0	0.0100861548734	5.18189058999e-07	0.010212187312	1.61672499274e-06	3.93511359088	0.0010803802636	3.80126453756	0.00281579309169	78.2736894281	0.00525940408352	77.6151697965	0.0144533393425
4	0.07	3.92	3500.0	0.070968985424	4.71206621882e-08	0.0709669106744	2.31861943887e-08	3.92750264243	6.94386601732e-06	3.92129408254	1.02749828403e-05	78.2077410292	3.55699917678e-05	78.1715154099	5.95978999535e-05
4	0.07	3.92	3750.0	0.0708971064858	5.87448469584e-08	0.0708937610601	7.77636111112e-08	3.92952825487	1.05388785352e-05	3.92096268719	2.23166317178e-05	78.2228023145	5.27403050225e-05	78.1728109332	0.000118412640826
4	0.07	3.92	4000.0	0.0705605352092	3.36643277168e-09	0.0705710310086	7.24363789393e-08	3.9354627999	5.75317075645e-07	3.919935016	1.80476947298e-05	78.2736227179	2.85319763453e-06	78.1820966102	9.65368920545e-05
4	0.07	3.92	4250.0	0.0701659135539	1.81606480999e-08	0.0701946999213	2.71404002853e-08	3.93424444717	2.65912382899e-06	3.92067460856	5.57075636077e-06	78.2896557432	1.33176284442e-05	78.2087565599	2.97388972371e-05
4	0.07	3.92	4500.0	0.070138772114	1.72734898938e-08	0.0701540587468	2.41339768696e-08	3.92881332607	2.45896912371e-06	3.92183130813	4.89201987096e-06	78.2626083538	1.24997138555e-05	78.220945395	2.64291753396e-05
4	0.07	3.92	4750.0	0.0702812156161	8.26400011316e-09	0.0702856356715	3.12473762799e-08	3.92485682444	1.23178758902e-06	3.92225686237	6.51979680601e-06	78.2334919448	6.11823871799e-06	78.2180326523	3.5279522806e-05
4	0.07	3.92	5000.0	0.0704288560115	1.17977712178e-08	0.0704283743916	1.84743806853e-08	3.92215177436	1.64411498463e-06	3.92257480816	4.56657420742e-06	78.2106273497	8.19050044186e-06	78.2131323077	2.49811833466e-05
4	0.07	3.92	5250.0	0.0705623007568	9.78192951433e-09	0.0705610486772	5.39854273259e-08	3.92033281533	1.09643752505e-06	3.92273609793	1.36968942248e-05	78.1932681946	5.89579644844e-06	78.2074229755	7.50988238106e-05
4	0.07	3.92	5500.0	0.0706690355716	6.90003573568e-08	0.070669472738	1.02335251465e-07	3.9192917005	1.16122294391e-05	3.9226823322	2.6644513449e-05	78.1815989564	5.85186875263e-05	78.2014697876	0.000141292019805
4	0.07	3.92	5750.0	0.0707501315399	7.19192092297e-08	0.0707525183609	1.02683779031e-07	3.91915711558	1.24344402001e-05	3.92240791488	3.14197755804e-05	78.1762746471	6.30579811481e-05	78.1952350216	0.000167485691751
4	0.07	3.92	6000.0	0.0708093939779	2.23922073094e-08	0.0708115081186	5.33174535208e-08	3.9202958411	3.32053775012e-06	3.92189272717	2.04682443555e-05	78.1790659211	1.74569900047e-05	78.1883386804	0.000111610879085
4	0.07	3.92	6250.0	0.0708430509421	1.35412068761e-08	0.0708429339436	6.51158773841e-09	3.92150471893	1.97028520165e-06	3.92144149539	4.41988652195e-06	78.1837340736	1.01336553508e-05	78.1833687322	2.55376521607e-05
4	0.07	3.92	6500.0	0.0708527933251	3.5796955948e-08	0.0708483910798	1.01112232448e-07	3.92300186465	6.29675166278e-06	3.92105920865	4.08065173268e-05	78.1913428615	3.23521839461e-05	78.1801302448	0.000216874395851
4	0.07	3.92	6750.0	0.0708623860824	2.99404462972e-08	0.070854368254	7.08421201245e-08	3.92393591751	5.68050219024e-06	3.9207990699	3.22330621249e-05	78.1959149103	2.88671056631e-05	78.1778576659	0.000169128973744
4	0.07	3.92	7000.0	0.070871817069	4.08859550266e-08	0.0708613339138	3.19855497326e-08	3.92444922029	7.63981784967e-06	3.92067823604	1.60194692757e-05	78.1982057558	3.90545218457e-05	78.1765443077	8.36239281302e-05
4	0.07	3.92	7250.0	0.0708838260802	2.80651517012e-08	0.070871300743	3.09681802514e-08	3.92481617612	5.75772571283e-06	3.92063855921	1.47439965613e-05	78.1995440558	2.91690550775e-05	78.1755859786	7.88796835018e-05
4	0.07	3.92	7500.0	0.07089855357	2.3443838298e-08	0.070886127536	3.03645548339e-08	3.92464238345	4.64154937035e-06	3.92070614277	1.68332285905e-05	78.1977891034	2.31310059297e-05	78.1752468751	8.89471229893e-05
4	0.07	3.92	7750.0	0.0709112582065	5.39137342474e-08	0.0708999302226	9.35797685548e-09	3.92426132903	1.25686963972e-05	3.92079928346	4.95370833971e-06	78.1950221794	6.26543131822e-05	78.1752214546	2.52637679255e-05
4	0.07	3.92	8000.0	0.0709060373719	1.08087283829e-07	0.0708972752234	2.60939914491e-08	3.92361829572	2.49322004175e-05	3.92096596833	1.44389424721e-05	78.1918511989	0.000124424478056	78.1766873324	7.48665898857e-05
4	0.07	3.92	8500.0	0.0708321039282	1.80794441232e-07	0.0708432396683	1.1014563737e-08	3.91832629748	3.89738144063e-05	3.92206931986	8.29734228085e-06	78.1674332178	0.000195886299375	78.1889274417	4.60643000184e-05
4	0.07	3.92	8750.0	0.0707684957541	9.04683360252e-08	0.0707747260306	2.34444298764e-08	3.91992900281	1.93025430468e-05	3.92192627027	1.10504380557e-05	78.1797658249	9.7804590202e-05	78.1912261781	5.76118283286e-05
5	0.13	3.92	3500.0	0.131395065212	5.85748425723e-09	0.131384265854	5.2424697212e-09	3.94957812761	6.75147094368e-07	3.94647516936	4.24159584867e-06	78.3240894114	3.17487478771e-06	78.3005336805	3.25601292071e-05
5	0.13	3.92	3750.0	0.131293875746	7.12042740756e-09	0.131279387342	1.22666795543e-08	3.94863832634	5.42579486909e-07	3.94462737362	3.27891273312e-06	78.3246573391	2.65984179084e-06	78.294231282	2.10608724712e-05
5	0.13	3.92	4000.0	0.130804564069	1.02276430072e-09	0.13080084624	4.45796616688e-09	3.94247708482	1.49749708038e-07	3.93613495478	2.12193935425e-06	78.3155677081	7.09890302714e-07	78.2660907495	1.61709206891e-05
5	0.13	3.92	4250.0	0.130260332267	1.10791081651e-08	0.13027814718	2.36739119222e-09	3.9310710533	6.36314055101e-07	3.92594008795	3.57939773163e-07	78.2780640268	3.37832959936e-06	78.2364464295	2.50471496579e-06
5	0.13	3.92	4500.0	0.130226166227	2.13873906805e-09	0.130236215584	4.813678761e-09	3.92738819269	1.04503868533e-07	3.92458173883	7.62157112692e-07	78.257834472	5.77824924237e-07	78.2350216782	5.70298114081e-06
5	0.13	3.92	4750.0	0.130419674831	2.37419598967e-09	0.13042255226	3.82628966265e-09	3.92922530884	1.67940587703e-07	3.92786220372	5.27099002795e-07	78.2574101334	8.27530760235e-07	78.246478462	3.77971532771e-06
5	0.13	3.92	5000.0	0.130625174532	5.71288054176e-09	0.130625358153	3.51825213036e-09	3.93189575577	2.84956782543e-07	3.93152880946	1.14420398228e-06	78.2614607519	1.60053608364e-06	78.2585622832	8.96675498634e-06
5	0.13	3.92	5250.0	0.130815317398	8.51251422651e-09	0.130815700435	7.96162240915e-09	3.93471433185	5.74711942312e-07	3.9350075438	1.37562521048e-06	78.2674410858	2.85151098628e-06	78.2697191705	8.69116901744e-06
5	0.13	3.92	5500.0	0.130971090894	8.78104077497e-09	0.13097304352	9.28293215789e-09	3.93728038954	6.21527501651e-07	3.93791354536	2.39371185415e-06	78.2740112271	3.17638138017e-06	78.2788500733	1.59375126513e-05
5	0.13	3.92	5750.0	0.131092228488	1.69348692075e-08	0.131094906012	7.23281972927e-09	3.93964847571	1.08702641692e-06	3.94021702117	6.65662234154e-07	78.2815197552	5.73726596644e-06	78.2858011136	5.31322478087e-06
5	0.13	3.92	6000.0	0.131183436752	1.01692729521e-08	0.131182909747	2.56359078119e-09	3.94205544014	7.50442794683e-07	3.94197085496	1.84736759794e-06	78.2912122103	3.82074239558e-06	78.2905840418	1.20693397986e-05
5	0.13	3.92	6250.0	0.13123814935	1.56122834666e-08	0.131232487464	1.07549562943e-08	3.94374707501	1.18089844495e-06	3.94299054963	1.61769641993e-06	78.2987490778	6.04444031705e-06	78.2931920165	9.26916615979e-06
5	0.13	3.92	6500.0	0.131258125365	1.77668792715e-08	0.131245009839	3.0485072223e-08	3.94485876237	1.93213218487e-06	3.9433168006	3.88191711158e-06	78.3048561422	9.34224104028e-06	78.2936345225	2.95846171335e-05
5	0.13	3.92	6750.0	0.131276898623	4.36501823993e-09	0.131257873497	4.82451504829e-08	3.94565525781	3.15524549326e-07	3.94360721552	7.50717036234e-06	78.3090073593	1.61149519406e-06	78.2941998348	5.43826148176e-05
5	0.13	3.92	7000.0	0.131295182851	4.96869023978e-09	0.131272144924	3.70610127932e-08	3.94621175	8.52010486195e-07	3.94388194472	4.95274439515e-06	78.311644978	3.93859467042e-06	78.2948893963	3.58661439801e-05
5	0.13	3.92	7250.0	0.131317262174	3.6457861593e-09	0.131290970129	3.66368741345e-08	3.94675196276	7.23601753801e-07	3.9442275813	3.66481435776e-06	78.3139376617	3.15232656123e-06	78.2958638796	2.71772844741e-05
5	0.13	3.92	7500.0	0.13134309509	1.40001469358e-08	0.131316679411	4.00840823753e-08	3.94710278593	2.27830803204e-06	3.94466285988	5.17935905818e-06	78.3147439498	1.04682864075e-05	78.2973397941	3.67590265212e-05
5	0.13	3.92	7750.0	0.131365424093	2.76501206173e-08	0.131340323013	2.3712083213e-08	3.94729782427	3.21090246778e-06	3.94504609526	2.74437928442e-06	78.3147365931	1.54673110803e-05	78.298721082	1.97793477417e-05
5	0.13	3.92	8000.0	0.131359683319	2.89959774124e-08	0.131338150916	2.12501403798e-08	3.94684620639	2.58961533263e-06	3.9449345456	2.29033324112e-06	78.3122892996	1.31068271731e-05	78.2987028454	1.66483060141e-05
5	0.13	3.92	8500.0	0.131248037723	1.81726794941e-08	0.131256446957	6.28562092582e-09	3.94218230873	1.04507160797e-06	3.94299013069	2.98559694896e-06	78.2892832461	6.135811497e-06	78.2950736784	1.8948915062e-05
5	0.13	3.92	8750.0	0.131157068789	2.94587872572e-08	0.13115810929	3.66570447518e-08	3.94113742416	2.0234419391e-06	3.94123359866	7.32726475611e-06	78.2885495178	1.09733136035e-05	78.2892374577	4.96026815248e-05
6	0.01	4.87	3500.0	0.0100942046752	5.46176267844e-06	0.0103101128358	4.28128621538e-07	4.93440893909	0.0107240561784	4.64289440564	0.000685589426668	80.7170134299	0.0328836276321	79.7945812498	0.00229847211418
6	0.01	4.87	3750.0	0.0101089631296	6.02838980618e-07	0.0102896118878	2.77960987879e-06	4.89266278277	0.0011752868479	4.65349768584	0.00453238106197	80.5903834343	0.00366168340098	79.830635458	0.0151552972419
6	0.01	4.87	4000.0	0.010119842441	4.98091460305e-07	0.0102052171265	8.05420535001e-07	4.81263696906	0.000848952001068	4.7045023348	0.00126972080061	80.3475154964	0.00271491586631	80.0026297953	0.00417546376793
6	0.01	4.87	4250.0	0.0100943253129	1.10684178959e-07	0.0100873134328	1.20267669973e-07	4.78194847013	0.000174551713468	4.79058871125	0.000194803614639	80.2595970354	0.000559177085142	80.2869120008	0.000624297661814
6	0.01	4.87	4500.0	0.0100590561213	1.53520014041e-07	0.0100609213541	1.30214947951e-07	4.82154402446	0.000244321545921	4.81920108307	0.000198598831455	80.3871929474	0.000777417411581	80.3798605328	0.000629824888059
6	0.01	4.87	4750.0	0.0100380214563	3.48384784738e-07	0.0100899713801	5.75018685252e-07	4.87488888075	0.000574354950766	4.80749733145	0.000901916435146	80.5517004024	0.00180021853421	80.3420128431	0.00287500708322
6	0.01	4.87	5000.0	0.0100271139621	6.9121828662e-07	0.0101246805306	1.52620170972e-07	4.91972542623	0.00123280986623	4.79000328777	0.000240717416255	80.6870131292	0.00379250249306	80.2850064643	0.000769803864344
6	0.01	4.87	5250.0	0.0100246400351	3.31275682528e-07	0.0101600079918	5.3742263853e-07	4.95300271902	0.000583056957166	4.76826082605	0.000875489225205	80.7855962001	0.00178279384158	80.213918282	0.00282613222444
6	0.01	4.87	5500.0	0.0100295045264	6.01242941307e-07	0.0101885085534	2.69051544505e-06	4.97135424013	0.00120471039451	4.75002204418	0.00448563381498	80.8387361748	0.00364997732847	80.1538741069	0.0145388436752
6	0.01	4.87	5750.0	0.0100429143896	1.54630191719e-06	0.0102138956167	4.61667404272e-07	4.96929228701	0.00318388493047	4.72892167649	0.000813150865918	80.8304959252	0.00970231622441	80.0842917158	0.00265044966872
6	0.01	4.87	6000.0	0.0100615522782	4.03539426252e-07	0.0102341310075	1.38233818523e-06	4.95224857345	0.000873081875575	4.70852682315	0.00251625996401	80.7773037529	0.00265848974783	80.0165975527	0.00827372872085
6	0.01	4.87	6250.0	0.0100809473226	1.35347414774e-06	0.0102451778669	2.66329418601e-07	4.92358525859	0.00316477822	4.69508230699	0.000472896655639	80.6889663	0.00971610908509	79.9717473132	0.00156231852515
6	0.01	4.87	6500.0	0.0100940536455	1.60884704691e-06	0.0102481418139	2.5308520572e-06	4.90047538042	0.00379792543027	4.68757973864	0.00488077347889	80.6177757622	0.0118060395517	79.9466110032	0.0161420878162
6	0.01	4.87	6750.0	0.0101036834566	3.45869242335e-06	0.0102502420239	2.47848046772e-06	4.88249900997	0.00861617540577	4.68242180751	0.00493460495194	80.5619617559	0.0267908698493	79.92929254	0.0163413436729
6	0.01	4.87	7000.0	0.0101127754188	1.9588903735e-06	0.0102534406583	1.30922780115e-06	4.8635400344	0.0050862719364	4.67602416547	0.00330849422646	80.5027388904	0.0158789044852	79.9078540872	0.0109263011649
6	0.01	4.87	7250.0	0.0101186319608	9.75443427269e-07	0.0102561687846	7.03465995667e-07	4.85242712296	0.00252465465693	4.67109320074	0.00153085790824	80.4677854469	0.00794933254109	79.89129986	0.0050879385401
6	0.01	4.87	7500.0	0.0101217208121	9.3459556617e-07	0.0102592449979	4.72584677726e-07	4.84784133107	0.00253735512078	4.66803733327	0.00104415640311	80.4531283618	0.00795458774487	79.8809732902	0.00346994376221
6	0.01	4.87	7750.0	0.0101228817656	1.80053456713e-06	0.0102616494815	4.43421802948e-07	4.84720987226	0.00485520433724	4.66634812869	0.00102257878043	80.4509487205	0.0152947401997	79.8752523981	0.00340121164406
6	0.01	4.87	8000.0	0.0101211536	1.09999644811e-06	0.0102590477842	6.0135465728e-07	4.84842051535	0.00308747175601	4.66956558716	0.00137097126239	80.4548690359	0.00967565766518	79.8861305722	0.0045571799304
6	0.01	4.87	8500.0	0.0100849952843	1.48969582164e-06	0.0102318831456	1.01690223691e-06	4.90842361687	0.00400291743374	4.70621913108	0.00216178710418	80.6433059509	0.0123521600047	80.0091897872	0.00710656137512
6	0.01	4.87	8750.0	0.0100849337316	3.04981564505e-06	0.010212615977	1.22725734626e-06	4.89243164739	0.00807830880376	4.71764929027	0.00236288820499	80.5956040028	0.0251580291535	80.0472221805	0.00783918596686
7	0.07	4.87	3500.0	0.0709689591715	5.01184581722e-08	0.0709668230614	2.15166384432e-07	4.87921624646	1.10841238142e-05	4.87128597155	7.47681711768e-05	80.5317118376	3.51843834225e-05	80.5023512644	0.000250566701034
7	0.07	4.87	3750.0	0.0708970764876	6.50046227891e-08	0.0708937383315	2.78824677196e-08	4.8818253167	1.37808934475e-05	4.8708621192	1.32837047665e-05	80.5439230036	4.41611286607e-05	80.5033355444	4.73409866071e-05
7	0.07	4.87	4000.0	0.0705604701445	1.21111053024e-08	0.0705710284995	2.57834491733e-08	4.88951757504	2.58940611173e-06	4.86964533863	9.40220137523e-06	80.5851465682	8.06822382172e-06	80.5108744644	3.38718237416e-05
7	0.07	4.87	4250.0	0.0701658711929	7.62746588456e-09	0.0701946955462	2.44434574647e-08	4.88810187885	1.29334425628e-06	4.87073983472	6.24988883017e-06	80.5981419407	4.25740664849e-06	80.5325317728	2.11420949392e-05
7	0.07	4.87	4500.0	0.0701387426606	1.07368581766e-08	0.0701540631619	1.05452486697e-08	4.88118850443	2.05960273583e-06	4.87225188627	2.89020681656e-06	80.5762153157	6.57541585697e-06	80.5424145721	1.0421347543e-05
7	0.07	4.87	4750.0	0.0702811967859	2.14575142821e-09	0.0702856311514	3.42919690112e-08	4.87609266879	1.99987335347e-07	4.87276292288	9.00967539474e-06	80.5526044798	7.15915218798e-07	80.5400533966	3.05238096501e-05
7	0.07	4.87	5000.0	0.0704288423078	2.24476337928e-08	0.0704283672395	1.00917783233e-08	4.87259052515	4.37051161509e-06	4.87312573094	2.5713253733e-06	80.534063219	1.43367068949e-05	80.5360729307	8.78340893601e-06
7	0.07	4.87	5250.0	0.0705622893408	8.698210254e-09	0.0705610700872	4.73625349536e-08	4.87022326416	1.84255087718e-06	4.87327855718	1.46674438416e-05	80.5199857987	5.66396044347e-06	80.5314008634	4.9830148775e-05
7	0.07	4.87	5500.0	0.0706690402085	7.26350842594e-08	0.0706694933508	3.8561417878e-08	4.86885441263	1.56724940475e-05	4.87317022283	1.30504208205e-05	80.5105121179	5.02270934609e-05	80.5265571809	4.41810736315e-05
7	0.07	4.87	5750.0	0.0707501347169	7.031752474e-08	0.0707525315502	3.72505137528e-08	4.86865389008	1.60420029382e-05	4.87278792504	1.51500451339e-05	80.5061934438	5.13532752499e-05	80.5214918725	5.18411326962e-05
7	0.07	4.87	6000.0	0.0708093680155	3.01542039459e-08	0.0708114945617	4.86402922538e-08	4.8700913995	7.61516452064e-06	4.87211035712	2.06795964931e-05	80.5084752763	2.40073031543e-05	80.5159168945	6.9620625496e-05
7	0.07	4.87	6250.0	0.0708430254519	1.15099322851e-08	0.0708428925594	3.71394576674e-08	4.87162002257	2.92648732085e-06	4.87152961218	1.49794575562e-05	80.5122554683	9.83938913124e-06	80.5119233861	5.33649517833e-05
7	0.07	4.87	6500.0	0.0708527646244	3.55216506091e-08	0.0708483873383	4.25338827083e-08	4.87352721037	9.57934430118e-06	4.87101138663	2.79895797595e-05	80.5184257243	3.01624036279e-05	80.5092175101	9.60574250795e-05
7	0.07	4.87	6750.0	0.0708623659012	1.67318261397e-08	0.0708543175974	5.64369653586e-08	4.87471219985	4.64785016245e-06	4.87069947462	4.23647590122e-05	80.5221222227	1.46996485847e-05	80.507461536	0.000145188677321
7	0.07	4.87	7000.0	0.0708717762251	5.54956553443e-08	0.070861274619	1.60617093854e-08	4.87537027396	1.56393420112e-05	4.87053973386	1.44635663078e-05	80.5239989644	4.93052941943e-05	80.5063896459	4.92809320733e-05
7	0.07	4.87	7250.0	0.0708837760551	5.02507985698e-08	0.0708712470987	2.83051929438e-08	4.87583574332	1.5074581109e-05	4.870481142	1.41444240868e-05	80.525088779	4.6290645291e-05	80.5056040753	5.11972769262e-05
7	0.07	4.87	7500.0	0.0708985213331	2.80228551634e-08	0.0708860725122	3.59864103253e-08	4.87560425138	8.05779042795e-06	4.87056112778	2.01439611202e-05	80.5236509956	2.5387111965e-05	80.5053204505	6.59457798121e-05
7	0.07	4.87	7750.0	0.0709112373914	7.51832854432e-08	0.0708998594247	6.37797977633e-08	4.87511149743	2.14809965558e-05	4.87068673228	4.6187145704e-05	80.5213993649	6.85201134658e-05	80.5053336794	0.000154789055774
7	0.07	4.87	8000.0	0.0709060525039	5.68554782616e-08	0.0708972188902	1.66909787549e-08	4.87428355792	1.63235247e-05	4.87089378375	8.03821010645e-06	80.5187975886	5.20597602734e-05	80.5064920285	2.62401096316e-05
7	0.07	4.87	8500.0	0.0708321849512	3.38004169173e-08	0.0708431873727	2.99095410177e-08	4.86754590266	7.78819709346e-06	4.87234645257	1.9143794801e-05	80.4989555766	2.57690277867e-05	80.5164389005	6.4153096909e-05
7	0.07	4.87	8750.0	0.0707685414413	4.23124704237e-08	0.0707746739794	3.09506649882e-08	4.86962177017	1.21194244787e-05	4.8721818733	1.24649037102e-05	80.5089842711	3.86969833885e-05	80.5182990012	4.05436596937e-05
8	0.13	4.87	3500.0	0.131395001126	2.70103580562e-09	0.131384182268	1.34672882185e-08	4.90737609604	3.46783678659e-07	4.90336509708	5.33129656498e-06	80.6260859378	1.08920797793e-06	80.6069415197	2.21890120034e-05
8	0.13	4.87	3750.0	0.131293804536	1.5701973762e-08	0.131279306321	1.01461566234e-08	4.90621263218	2.318693665e-06	4.90103076254	6.47389264017e-06	80.6265485789	6.92470578495e-06	80.6018356211	2.78331945323e-05
8	0.13	4.87	4000.0	0.130804511419	1.4838576794e-10	0.130800798701	1.98899439814e-08	4.89849709405	1.3236553554e-08	4.89030468346	4.00771264735e-06	80.6191676467	3.37034683469e-08	80.579020878	1.60767701376e-05
8	0.13	4.87	4250.0	0.130260306222	6.10755830057e-09	0.130278141052	4.88507539187e-09	4.88408992106	4.14540314883e-07	4.87745472418	7.76949067381e-07	80.5887488374	1.42509854024e-06	80.5549895305	3.3338308427e-06
8	0.13	4.87	4500.0	0.130226153084	2.26152203451e-09	0.130236212962	5.5870045454e-09	4.87938817634	1.70050421896e-07	4.87575847284	7.65763511154e-07	80.5723425558	5.62880188586e-07	80.5538356175	3.36298712287e-06
8	0.13	4.87	4750.0	0.130419653819	3.94432666928e-10	0.130422538986	4.58106681456e-09	4.88166932443	6.25747855108e-08	4.87990574449	8.03038535411e-07	80.5720024494	1.77814538931e-07	80.5631268694	3.46860363151e-06
8	0.13	4.87	5000.0	0.130625149408	7.39943480248e-09	0.130625333723	6.71352583526e-09	4.88501321706	6.03550609418e-07	4.88453576906	1.30907683146e-06	80.5752899687	1.984154113e-06	80.5729217485	5.61171059701e-06
8	0.13	4.87	5250.0	0.130815284746	3.85783277363e-09	0.130815662509	4.36414255907e-09	4.88855333474	2.09318082314e-07	4.88892694937	1.20666826115e-06	80.5801429084	7.30941933979e-07	80.5819665134	5.23582157712e-06
8	0.13	4.87	5500.0	0.130971048507	4.48372715056e-09	0.130972988015	3.09935916212e-09	4.89178397898	5.62717471939e-07	4.89259425731	2.90085651273e-06	80.5854757227	1.81306306489e-06	80.5893694002	1.37857759971e-05
8	0.13	4.87	5750.0	0.131092185922	2.00640596233e-08	0.131094833624	1.68119402393e-08	4.89477313581	1.97740798945e-06	4.89549991849	4.1677876085e-06	80.591565072	6.24040726462e-06	80.59500631	1.58092014655e-05
8	0.13	4.87	6000.0	0.131183388773	9.72184035948e-09	0.131182823636	3.93939339276e-09	4.89782459568	8.80633446111e-07	4.89770794157	2.35521382404e-06	80.5994265552	2.94463507652e-06	80.5988813576	9.95590065836e-06
8	0.13	4.87	6250.0	0.131238099561	8.32754277555e-09	0.131232393709	1.63617502396e-08	4.8999734235	4.54688342701e-07	4.89899066727	2.08161640063e-06	80.6055385	1.68222960215e-06	80.6009940254	6.69464395944e-06
8	0.13	4.87	6500.0	0.131258078651	4.13833968973e-09	0.13124490203	2.34884627972e-08	4.90139209508	4.72672055697e-07	4.89940014505	9.71687978739e-06	80.6104886091	1.0418269592e-06	80.6013569575	3.73768649041e-05
8	0.13	4.87	6750.0	0.131276845023	1.3165714429e-08	0.131257752432	3.72604313323e-09	4.90240852494	1.65232844083e-06	4.89976017137	6.81368807347e-06	80.6138577531	5.07258873368e-06	80.6017988358	2.53714122634e-05
8	0.13	4.87	7000.0	0.131295133521	8.85625254325e-09	0.13127202698	4.90340411654e-09	4.90311536791	1.06379972904e-06	4.90010679345	4.7612851284e-06	80.6159936166	3.34332962821e-06	80.6023627849	1.88209567716e-05
8	0.13	4.87	7250.0	0.131317211042	1.01313393461e-08	0.131290854418	2.48132319791e-08	4.90380113056	1.25031624315e-06	4.90054381214	6.27180217683e-06	80.6178536188	3.91494539838e-06	80.6031616867	2.68357962964e-05
8	0.13	4.87	7500.0	0.131343044069	1.16885647613e-08	0.131316546333	3.14239871184e-09	4.90424249607	2.22990408309e-06	4.90109184509	4.1044407997e-06	80.6185084492	6.33110070709e-06	80.6043471162	1.51772950917e-05
8	0.13	4.87	7750.0	0.131365380807	5.17766818526e-09	0.131340197433	1.99894270883e-09	4.90448387599	5.9229127675e-07	4.90157870278	3.95423338513e-06	80.6184994169	1.0371308131e-06	80.6054764641	1.48327509485e-05
8	0.13	4.87	8000.0	0.131359641544	4.82582043826e-09	0.131338030317	1.8623977263e-09	4.90390853927	1.01787525859e-06	4.90144075445	4.34941716369e-06	80.6165178858	2.80912366078e-06	80.6054651646	1.60444088286e-05
8	0.13	4.87	8500.0	0.131247990435	4.11647593031e-08	0.13125633731	1.05249317215e-08	4.89797144546	4.59801071381e-06	4.89900160421	2.56624255419e-06	80.5978659916	1.49765060581e-05	80.6025196948	1.14664382188e-05
8	0.13	4.87	8750.0	0.131157047072	1.14738316832e-08	0.131157993825	1.11820329282e-08	4.89666568988	1.41957490207e-06	4.89677893441	4.06166701714e-06	80.5972614296	4.48484129446e-06	80.597771619	1.62069056261e-05
9	0.01	6.45	3500.0	0.0100949745478	5.07955499236e-06	0.0103103905183	6.91232529766e-07	6.53472658138	0.0133625097122	6.1425349893	0.00150583709151	83.0023261772	0.0230993992048	82.3033002938	0.00284656523579
9	0.01	6.45	3750.0	0.010109108554	1.39167050677e-06	0.0102882576796	3.95223715094e-06	6.48011563291	0.00371917133074	6.16042125538	0.00877525031126	82.9090960232	0.00648899583986	82.3374377024	0.0165175243448
9	0.01	6.45	4000.0	0.0101173282306	4.02372106744e-06	0.0102055623319	8.49046885713e-07	6.37838446244	0.00952868713517	6.22568057514	0.00181003653424	82.7357434729	0.0170482013811	82.4614283711	0.00335442224782
9	0.01	6.45	4250.0	0.010094485829	1.84064861688e-07	0.010087514188	1.82865013319e-07	6.33074158527	0.000392348376974	6.34232349033	0.000390035968366	82.6576374907	0.000708116830095	82.6782560483	0.000702498174414
9	0.01	6.45	4500.0	0.0100591361372	1.72953476947e-07	0.0100610305929	1.61739168595e-07	6.38437917127	0.000367836054105	6.38116034448	0.000338206940888	82.7549224277	0.000658633562438	82.7492498405	0.000605093566049
9	0.01	6.45	4750.0	0.010038321887	2.02267902288e-07	0.0100890744849	1.78714609644e-06	6.4558664998	0.000458649180041	6.36743000053	0.00370526762165	82.8790370187	0.000806056476137	82.7242067226	0.00664184002285
9	0.01	6.45	5000.0	0.0100274325626	7.33505032601e-07	0.0101249249874	1.35082009336e-07	6.51627024721	0.00176444646175	6.34141531188	0.000303241984369	82.981683982	0.00305685262996	82.6765950636	0.000547311134809
9	0.01	6.45	5250.0	0.0100250550245	3.37355258874e-07	0.0101604315935	3.47180002105e-07	6.56086721595	0.000799988499399	6.31162858144	0.000760823675643	83.0560661476	0.00139074879249	82.6217892376	0.00138214485174
9	0.01	6.45	5500.0	0.0100296526661	8.90574204381e-07	0.0101888857191	2.69133446623e-06	6.58628611931	0.00240512466204	6.28704331622	0.00606483388799	83.0975641835	0.00410137812728	82.5762231728	0.0110747448543
9	0.01	6.45	5750.0	0.0100408765363	4.20764986363e-06	0.0102141293718	3.23192022139e-07	6.58961169521	0.0117178320843	6.25884532077	0.000786320740555	83.101782225	0.0200750383405	82.5238616398	0.00144526642197
9	0.01	6.45	6000.0	0.0100619788308	2.982742258e-07	0.0102331656391	2.72532553895e-06	6.55961031074	0.00096120571988	6.23441622485	0.00695616538381	83.0494449298	0.00164587136811	82.478129983	0.0128502346009
9	0.01	6.45	6250.0	0.0100770389219	2.80790700428e-06	0.010245278074	5.65050411673e-07	6.53446742961	0.00861376428209	6.21345160465	0.00150810762226	83.0057374214	0.0149053240707	82.4388455024	0.00280739414553
9	0.01	6.45	6500.0	0.0100949525922	8.64917316935e-07	0.010248503877	8.95692221581e-07	6.48820448027	0.00281798354048	6.20253602219	0.00235161252958	82.92557152	0.00490968604632	82.4182736475	0.00437962462291
9	0.01	6.45	6750.0	0.0101043740625	4.29970676128e-06	0.0102511747739	1.80970137692e-06	6.46446154556	0.014427564055	6.19396400705	0.00496975915013	82.8840929202	0.0252801997529	82.4021043518	0.00928248589058
9	0.01	6.45	7000.0	0.010110127059	3.38021606004e-06	0.0102522471248	2.24585230045e-06	6.45029506297	0.011699517808	6.19071632001	0.00627451164967	82.8591988649	0.0205396897741	82.3958973402	0.0117159559636
9	0.01	6.45	7250.0	0.0101186788727	1.61099080254e-06	0.0102545345054	2.17383288881e-06	6.42604785914	0.00578348848557	6.1859049643	0.00624279735182	82.8163580329	0.0101966504715	82.3867463405	0.0116712927161
9	0.01	6.45	7500.0	0.0101222313689	8.11833934554e-07	0.0102593261417	7.76123187412e-07	6.41811440086	0.00287352040765	6.1768509898	0.00227988209072	82.8021686789	0.00510453657975	82.3696740356	0.00427195182847
9	0.01	6.45	7750.0	0.0101239979954	9.71973750077e-07	0.0102617792247	6.77028813531e-07	6.41515771409	0.00360922821736	6.17438054517	0.00203716953607	82.79674381	0.00637616368824	82.3649647184	0.00381860277986
9	0.01	6.45	8000.0	0.0101214154753	1.22204781498e-06	0.0102586809447	1.5109857497e-06	6.4198496481	0.00462083904137	6.18021953872	0.00454700915965	82.8051545722	0.00815362304072	82.376038074	0.00851568878025
9	0.01	6.45	8500.0	0.0100853206974	1.40735150699e-06	0.0102315100396	1.66189005299e-06	6.50062719166	0.00508328785286	6.2297615704	0.00482522463435	82.9479321785	0.00882763687823	82.469665784	0.00893448659004
9	0.01	6.45	8750.0	0.0100842305322	2.52135261673e-06	0.0102128410053	1.76785526186e-07	6.482868672	0.00921540613451	6.24344454278	0.000483072314543	82.9183385427	0.0160622928048	82.495341527	0.000888414475464
10	0.07	6.45	3500.0	0.0709689009715	2.11272561833e-08	0.0709668925355	2.7854041835e-08	6.46210804428	6.30119854631e-06	6.45130470907	1.82388639533e-05	82.86504157	1.1355102379e-05	82.8426188964	3.72650695703e-05
10	0.07	6.45	3750.0	0.0708970537592	3.06157590322e-08	0.070893695059	2.93333561792e-08	6.46564926996	9.10594437889e-06	6.45080559265	1.4602620037e-05	82.8742937966	1.62552513107e-05	82.8434691892	2.90771399167e-05
10	0.07	6.45	4000.0	0.0705604259046	8.03592096739e-09	0.0705709975388	2.56610141748e-08	6.47617033796	2.14548126025e-06	6.44925545609	9.8879956469e-06	82.9056042519	3.87822559529e-06	82.8491958701	1.72475441876e-05
10	0.07	6.45	4250.0	0.0701658475927	4.53630586061e-08	0.070194682693	3.58804386208e-08	6.47439758623	1.03875448561e-05	6.45087990665	1.03723284151e-05	82.9154688596	1.89070652913e-05	82.8656479156	2.12710377741e-05
10	0.07	6.45	4500.0	0.0701387262503	1.41373852205e-09	0.0701540573894	1.0548443588e-08	6.46506762748	3.44726968995e-07	6.4529613077	3.5707765087e-06	82.8988218043	6.38867891752e-07	82.8731529123	6.83139384339e-06
10	0.07	6.45	4750.0	0.0702811879503	1.22935055108e-08	0.0702856271182	4.26653344214e-09	6.45812939468	2.78469220887e-06	6.45361630012	1.94640556662e-06	82.8808913166	5.12715828902e-06	82.8713535793	3.88777536782e-06
10	0.07	6.45	5000.0	0.0704288505876	3.27698654764e-08	0.0704283625465	5.37444488414e-08	6.45333931095	8.69790487445e-06	6.45406336234	2.10398657742e-05	82.8668043207	1.56367874519e-05	82.8683275875	4.05930898741e-05
10	0.07	6.45	5250.0	0.0705622869573	6.96428951019e-08	0.0705610607837	1.07021649189e-08	6.45009472399	1.92834225838e-05	6.45422639249	6.02713612714e-06	82.8561192478	3.4768752376e-05	82.8647752906	1.2303456166e-05
10	0.07	6.45	5500.0	0.0706690274207	3.63659954282e-08	0.0706694720685	1.26036354594e-08	6.44820896693	1.04740770855e-05	6.45404682411	6.33588218005e-06	82.8489298785	1.88522043199e-05	82.8611023628	1.21094999398e-05
10	0.07	6.45	5750.0	0.0707501193284	1.90603670591e-08	0.0707525040092	1.53568465364e-08	6.44790936969	4.74758019685e-06	6.45349928925	8.2462511195e-06	82.8456510868	8.70167787252e-06	82.8572538651	1.58868160652e-05
10	0.07	6.45	6000.0	0.0708093641411	1.04387835881e-07	0.0708114535367	7.60462822647e-09	6.44982608094	3.35503053711e-05	6.45255764425	4.33638952323e-06	82.8473746656	6.04393815398e-05	82.8530201876	9.00670850371e-06
10	0.07	6.45	6250.0	0.0708430424555	6.51790024521e-08	0.0708428921217	5.04588330185e-08	6.45187313463	2.21430475052e-05	6.45172872944	3.21985111621e-05	82.850231604	3.97280064105e-05	82.849934287	6.07426125191e-05
10	0.07	6.45	6500.0	0.0708526953483	1.52820855956e-07	0.0708483481819	4.6290734829e-08	6.45447578056	5.31799361605e-05	6.45104449338	3.07190966104e-05	82.8549672379	9.55910377372e-05	82.8479247577	5.7392403068e-05
10	0.07	6.45	6750.0	0.0708622840878	1.28856611222e-07	0.0708542961109	1.51276069489e-08	6.45608028823	4.5662276504e-05	6.45059827575	1.15469848996e-05	82.8577841485	8.16126229276e-05	82.8465549768	2.21367020892e-05
10	0.07	6.45	7000.0	0.0708717220763	1.16051769978e-07	0.0708612286375	4.86154346041e-08	6.45695606444	4.46452012095e-05	6.45040540286	5.18043091196e-05	82.8591903237	7.98169281143e-05	82.8457943081	9.99864469489e-05
10	0.07	6.45	7250.0	0.070883774551	7.55160444997e-08	0.0708711999781	7.08624044816e-08	6.45756071941	2.89309757268e-05	6.45032606806	8.04117958134e-05	82.8599813012	5.17340152837e-05	82.8452026692	0.000152198440071
10	0.07	6.45	7500.0	0.0708985104513	7.5625533248e-08	0.0708860502625	3.13799537038e-08	6.45724712171	2.93946552557e-05	6.45039047183	3.39115754264e-05	82.8588981276	5.37337196979e-05	82.8449153545	6.43584943363e-05
10	0.07	6.45	7750.0	0.070911225923	4.94038764178e-08	0.0708998448949	2.26410980313e-08	6.45657660804	2.09154506321e-05	6.45054464476	2.64305564562e-05	82.8571874689	3.70260952045e-05	82.8449014264	4.97636502604e-05
10	0.07	6.45	8000.0	0.0709060221518	5.38897700555e-08	0.0708971919654	3.03561267348e-08	6.45546623768	2.14109674191e-05	6.45084309406	3.69910491206e-05	82.8552241098	3.78601804189e-05	82.845809952	6.99120154476e-05
10	0.07	6.45	8500.0	0.0708321656259	1.5160540121e-08	0.0708431314116	6.0957121656e-08	6.44638713864	5.77672646759e-06	6.45287910086	4.20552640803e-05	82.8401595389	1.04128123699e-05	82.85342478	7.78031189123e-05
10	0.07	6.45	8750.0	0.0707685069415	1.79096315475e-08	0.070774653312	3.38182031149e-08	6.44922111859	5.19007024919e-06	6.45265217802	3.38258867568e-05	82.8477844029	9.7339118045e-06	82.8547935119	6.47806568717e-05
11	0.13	6.45	3500.0	0.131394946331	1.8388384545e-08	0.131384114947	4.5136942006e-09	6.5001630497	2.62757107399e-06	6.49468624991	3.68550231975e-06	82.9367073598	4.61645538521e-06	82.922143339	1.0437516736e-05
11	0.13	6.45	3750.0	0.131293758849	4.21259890817e-09	0.131279244586	1.79551578992e-08	6.49862392229	1.28581303282e-06	6.4915509245	7.9149484e-06	82.9370556833	2.04143605097e-06	82.9182603749	1.78780523268e-05
11	0.13	6.45	4000.0	0.130804475208	1.46159087633e-08	0.130800772353	8.23499186782e-09	6.48834216989	1.44793829207e-06	6.4771614417	4.30059921456e-06	82.9314464091	2.72979527595e-06	82.9009391908	1.09069622876e-05
11	0.13	6.45	4250.0	0.13026029169	6.71321934695e-09	0.130278138064	8.67789396422e-09	6.46901253024	6.93802870697e-07	6.45995136187	1.74092655611e-06	82.9083419787	1.30083433261e-06	82.8826976127	4.26713144131e-06
11	0.13	6.45	4500.0	0.130226144771	7.66131802772e-09	0.130236210986	3.6649971489e-09	6.46265341216	5.02349790658e-07	6.45769636327	1.02157998844e-06	82.895882475	9.82684227051e-07	82.8818240364	2.69302452799e-06
11	0.13	6.45	4750.0	0.13041963949	2.66902670731e-09	0.130422526363	1.39594667863e-08	6.46567327196	1.74763261891e-07	6.46326465355	3.34772381584e-06	82.8956263126	2.79392117736e-07	82.8888811387	8.13959479844e-06
11	0.13	6.45	5000.0	0.130625128212	2.14313557854e-09	0.130625311699	1.09456734956e-08	6.47013007689	1.73899569956e-07	6.46947522912	1.81758539886e-06	82.8981254214	3.05214953454e-07	82.8963170956	3.60344650639e-06
11	0.13	6.45	5250.0	0.13081525658	1.71269096416e-08	0.130815631646	3.63720481606e-09	6.47485914547	1.67013204076e-06	6.47536458242	1.05156208044e-06	82.9018130526	3.24013535028e-06	82.9031869927	2.29552430492e-06
11	0.13	6.45	5500.0	0.130971021179	1.02832451206e-08	0.130972946521	9.37488045893e-09	6.47918117514	8.78753071578e-07	6.48028070775	4.18936562536e-06	82.9058630821	1.75985045934e-06	82.9088059974	9.91979023434e-06
11	0.13	6.45	5750.0	0.131092153859	9.55406714895e-09	0.131094783353	4.93435564914e-09	6.48319043395	9.978066502e-07	6.48417717302	1.32769119151e-05	82.9104893504	1.86464988004e-06	82.9130933936	3.32827600896e-05
11	0.13	6.45	6000.0	0.131183348275	1.00601117611e-08	0.131182762673	2.78964384506e-09	6.48729646184	1.19300188458e-06	6.48713131986	2.42151565873e-06	82.9164614075	2.16641905959e-06	82.9160311219	5.49205094847e-06
11	0.13	6.45	6250.0	0.131238065091	7.9398074212e-09	0.131232324608	3.4454906554e-08	6.49019127889	1.11871988659e-06	6.48884931577	1.49742833516e-05	82.921101745	2.00557521048e-06	82.9176408224	3.81925196937e-05
11	0.13	6.45	6500.0	0.131258041689	1.71736543748e-08	0.131244820299	1.40510309071e-08	6.49211023146	2.46885543158e-06	6.48938425528	4.14944595668e-06	82.9248611171	4.47798532169e-06	82.9178922568	1.09865704268e-05
11	0.13	6.45	6750.0	0.131276800779	2.63539066969e-08	0.131257666592	2.04150771195e-08	6.49348499586	4.63792600212e-06	6.48986808489	3.68997725899e-06	82.9274218275	8.18447827528e-06	82.9182346914	1.09390497416e-05
11	0.13	6.45	7000.0	0.131295083332	2.52528892829e-08	0.131271937601	1.91050519671e-08	6.49443982128	5.15948905322e-06	6.49033412417	2.6369335476e-06	82.9290460619	8.90416963011e-06	82.9186683864	8.17308518532e-06
11	0.13	6.45	7250.0	0.131317160172	2.74152602121e-08	0.131290764567	3.91258287594e-08	6.49536342201	5.78016166221e-06	6.49092042258	4.73339468704e-06	82.9304590056	9.94437012469e-06	82.9192764086	1.28669905264e-05
11	0.13	6.45	7500.0	0.131343004344	2.20618412319e-08	0.13131645617	2.32134466634e-08	6.49595014949	3.93396222715e-06	6.49165625531	2.13749844883e-06	82.9309512054	6.69671969969e-06	82.9201783958	5.70301413489e-06
11	0.13	6.45	7750.0	0.131365345832	1.54337120576e-08	0.131340107502	1.96973587158e-08	6.49626983706	2.57128695527e-06	6.49231009232	2.69400088845e-06	82.9309443308	4.57915395095e-06	82.9210358693	4.98423424664e-06
11	0.13	6.45	8000.0	0.131359599172	2.06173949524e-08	0.131337931166	1.43350438386e-08	6.49549260689	3.45774307008e-06	6.49212699729	1.73383800316e-06	82.9294409716	6.13394046328e-06	82.9210267729	5.41857389212e-06
11	0.13	6.45	8500.0	0.131247977551	9.67732614343e-09	0.131256261349	7.96999602508e-09	6.48747592265	9.17409583789e-07	6.48887328117	2.92283900394e-06	82.9152714654	1.86101444288e-06	82.9187923589	6.82367845503e-06
11	0.13	6.45	8750.0	0.13115701193	9.40680363517e-09	0.131157912891	8.84163377552e-09	6.48574461676	1.41237138078e-06	6.48589091543	4.16277801212e-06	82.9148180557	2.58148627823e-06	82.9151858644	9.72155034056e-06
12	0.01	9.52	3500.0	0.0100955617854	4.9231448631e-06	0.0103108393963	5.61011558382e-07	9.64417377712	0.0194220940492	9.0583256319	0.00182496766203	85.2642100602	0.0152714444771	84.7888971388	0.00160891153489
12	0.01	9.52	3750.0	0.010105353369	5.62095297625e-06	0.0102886846256	4.05087569721e-06	9.57960030854	0.0223389779864	9.08510617258	0.0134306044142	85.2143538893	0.0176912528242	84.8121392379	0.0115044886141
12	0.01	9.52	4000.0	0.0101177226591	4.21131686086e-06	0.0102030588724	3.59246852949e-06	9.41134701949	0.0148311965542	9.19219013752	0.01143660096	85.0835163724	0.0120953725758	84.904534624	0.00962603032849
12	0.01	9.52	4250.0	0.0100946665938	1.39536152136e-07	0.0100877052498	1.61435314908e-07	9.34096042903	0.000444196009229	9.35827135407	0.000520254734906	85.0310016597	0.000364980028116	85.0450282009	0.000427179336943
12	0.01	9.52	4500.0	0.0100592560816	1.39283144232e-07	0.0100611373618	1.69055692057e-07	9.42141038169	0.000447336204174	9.41664535098	0.000527577397539	85.0973838393	0.000363904075244	85.0935634836	0.000428951061456
12	0.01	9.52	4750.0	0.0100382175004	5.06999314647e-07	0.0100892337862	1.78889055724e-06	9.52905199582	0.00169150877228	9.39591733781	0.00553272046177	85.1824367305	0.00135639364895	85.0763691711	0.00451199527356
12	0.01	9.52	5000.0	0.0100271427421	1.37850175429e-06	0.0101250967656	1.29463985607e-07	9.62007811193	0.00494593623689	9.35694385485	0.000438431204648	85.2528232577	0.00389820502158	85.043922746	0.000359634840652
12	0.01	9.52	5250.0	0.0100251483529	5.44393052424e-07	0.0101598958779	1.3921304221e-06	9.68540356231	0.00202205645675	9.31464721185	0.00455670920838	85.3023554727	0.00158104751841	85.0084935274	0.00376595807829
12	0.01	9.52	5500.0	0.0100299488147	7.67131254539e-07	0.0101891137895	2.36146912304e-06	9.72253439494	0.00308059962413	9.27529525879	0.00792796435007	85.3299168302	0.00239051925853	84.9753614206	0.00660207542035
12	0.01	9.52	5750.0	0.0100411501848	3.76304360356e-06	0.0102143080707	4.14392907672e-07	9.72754118232	0.0156331569993	9.23323736291	0.00149418960184	85.3328230728	0.0121810754199	84.9398133991	0.00125020541063
12	0.01	9.52	6000.0	0.010062328076	2.49388227372e-07	0.0102328846641	2.72388454865e-06	9.68228649789	0.00115573425887	9.19797911168	0.00985130486664	85.2969207625	0.000891402123237	84.9097754171	0.00828315005576
12	0.01	9.52	6250.0	0.0100775118545	3.04257133349e-06	0.010245617869	4.07586372678e-07	9.64402451874	0.0139642627276	9.16447795654	0.00158129376646	85.2666840498	0.0109846118947	84.8812159396	0.00133936715437
12	0.01	9.52	6500.0	0.0100950708447	1.15310398282e-06	0.0102485567793	4.84432523569e-07	9.57648433695	0.00561278539574	9.1493333316	0.00190224538414	85.2134369915	0.004447265207	84.8682146405	0.00161216285155
12	0.01	9.52	6750.0	0.0101044487731	2.46066485039e-06	0.0102508058787	1.432750806e-06	9.54119413895	0.0123109012081	9.13819373566	0.00581333778372	85.1853903023	0.00981476398723	84.8586363815	0.00493715766802
12	0.01	9.52	7000.0	0.0101105413377	3.28985697129e-06	0.0102525504562	2.05995671287e-06	9.51821328324	0.0170028160913	9.13054684478	0.00864574106904	85.1670225607	0.0135860477841	84.8520416858	0.00735379159421
12	0.01	9.52	7250.0	0.0101190133641	1.80014902986e-06	0.010254806838	2.24265764005e-06	9.48233708495	0.00966349605632	9.12345308375	0.00961829582781	85.138182311	0.00775620403122	84.8458995909	0.00818907696324
12	0.01	9.52	7500.0	0.0101225075961	9.17713611789e-07	0.010259229465	1.14353815192e-06	9.47082280991	0.00500640659965	9.11143607726	0.00498652826509	85.1287940066	0.00402392334984	84.8355759794	0.00425307089374
12	0.01	9.52	7750.0	0.0101241685854	1.08585569415e-06	0.0102617840515	9.39269796704e-07	9.46688074339	0.00604086159077	9.10735067253	0.00423199071392	85.1255026489	0.00487624582746	84.8320397768	0.0036129179429
12	0.01	9.52	8000.0	0.0101219629846	9.68299599265e-07	0.0102580130093	2.45507954207e-06	9.47174929796	0.00543235546825	9.11910471269	0.011023169976	85.1295012362	0.00436443833883	84.8421517509	0.009393731147
12	0.01	9.52	8500.0	0.0100826051772	2.71396656747e-06	0.0102307921806	1.93268093193e-06	9.61023796138	0.0145833600072	9.19332684293	0.00837668273372	85.240631592	0.0114962048164	84.9059484993	0.00704943765347
12	0.01	9.52	8750.0	0.0100846553187	2.52453285621e-06	0.0102130529779	1.30463156069e-07	9.56677288238	0.0138449875566	9.20984316434	0.000573234333013	85.2071254779	0.0109816099245	84.9200994769	0.000489918666786
13	0.07	9.52	3500.0	0.0709689057034	3.12992060523e-08	0.0709668270741	1.21745429161e-07	9.53774545699	1.11004774763e-05	9.52158635661	0.000100447448838	85.1726245298	9.34716566929e-06	85.1573993314	8.90956858792e-05
13	0.07	9.52	3750.0	0.0708970045088	8.79329306456e-08	0.0708937069045	5.54284155639e-08	9.54309904104	3.89677795147e-05	9.52080037294	4.11063314807e-05	85.178938015	3.18051353406e-05	85.1579263564	3.54025075346e-05
13	0.07	9.52	4000.0	0.0705603917448	8.57380052928e-09	0.0705710086765	5.78741546799e-08	9.55896695148	3.41253198457e-06	9.51858992504	3.68773042637e-05	85.2002299027	2.88271825062e-06	85.1618350839	3.19653101959e-05
13	0.07	9.52	4250.0	0.070165809271	1.19029103671e-08	0.0701946983869	1.40996348161e-08	9.55646494176	4.89349482106e-06	9.5211806127	7.31563380984e-06	85.206944031	3.96915634859e-06	85.1730358655	6.35879888513e-06
13	0.07	9.52	4500.0	0.0701387106953	6.80987772466e-09	0.0701540647928	1.36706504489e-08	9.5425047044	2.50087643124e-06	9.52434248247	6.99374823935e-06	85.1956162358	2.07174731338e-06	85.1781469814	6.12364338339e-06
13	0.07	9.52	4750.0	0.0702811784104	1.20518226957e-08	0.0702856430205	1.21106511664e-08	9.5320637202	4.61263482517e-06	9.52528287972	6.58548403915e-06	85.18341786	3.71181946349e-06	85.1769173762	5.84817807674e-06
13	0.07	9.52	5000.0	0.0704288352864	3.67994966297e-08	0.0704283628967	9.70621982601e-09	9.52484012128	1.53771862734e-05	9.52591358199	5.42469304727e-06	85.1738371563	1.26481796804e-05	85.1748626055	4.87416418053e-06
13	0.07	9.52	5250.0	0.0705622803206	1.76023785067e-08	0.0705610089739	1.07444488318e-07	9.51992992719	8.39018287962e-06	9.52614490053	7.10043695941e-05	85.166565905	6.90196651519e-06	85.1724723422	6.2639954597e-05
13	0.07	9.52	5500.0	0.0706690493172	5.62196508326e-08	0.0706694703354	5.6455446669e-08	9.51705355309	2.45068482524e-05	9.52580126077	3.79821611958e-05	85.1616642473	2.00870050151e-05	85.1699402655	3.24004122868e-05
13	0.07	9.52	5750.0	0.0707501306941	6.78086366888e-08	0.0707525075912	4.50382140916e-08	9.51657817009	3.01095751341e-05	9.52494118032	3.50848342406e-05	85.1594364179	2.48659899601e-05	85.1673144002	3.0315960053e-05
13	0.07	9.52	6000.0	0.0708093598648	9.53089929991e-09	0.0708114585874	3.22129284982e-08	9.51943347027	4.64312995818e-06	9.52350150424	3.31163648504e-05	85.1606147095	3.5683868046e-06	85.1644321332	2.98553397737e-05
13	0.07	9.52	6250.0	0.0708429972435	7.52239855095e-08	0.070842838153	7.83806272035e-08	9.52250585748	4.11155248116e-05	9.52228586908	6.84883273751e-05	85.1625742726	3.32577373391e-05	85.162368304	6.01243404726e-05
13	0.07	9.52	6500.0	0.0708527381287	1.86192615899e-08	0.0708483348287	6.94345614074e-08	9.5263520522	6.69286205687e-06	9.52121514114	7.53081673904e-05	85.1657569364	5.76136413488e-06	85.1609688568	6.44988390785e-05
13	0.07	9.52	6750.0	0.0708622604617	1.07210996411e-07	0.0708543062161	1.57461882384e-08	9.5287815502	5.17496865184e-05	9.52050691969	1.68061988529e-05	85.16769833	4.29786440845e-05	85.1600072622	1.44237726852e-05
13	0.07	9.52	7000.0	0.0708717506483	2.03473683889e-08	0.0708612090637	4.18722668071e-08	9.53006389109	9.84401937872e-06	9.52023800734	4.88320865663e-05	85.1686334462	8.24252498683e-06	85.159509604	4.11495122416e-05
13	0.07	9.52	7250.0	0.0708837485665	2.22862230951e-08	0.0708711792042	4.23956553321e-08	9.53099624912	1.15493522982e-05	9.52010678889	5.27091383634e-05	85.169196825	9.47281776656e-06	85.1591018516	4.4674135124e-05
13	0.07	9.52	7500.0	0.0708984782164	5.49326929576e-08	0.0708860126477	1.38065085487e-08	9.53052487719	3.42351264069e-05	9.52024418272	2.0647040006e-05	85.1684622277	2.76042888268e-05	85.1589455841	1.7471510263e-05
13	0.07	9.52	7750.0	0.0709111845333	1.0741733036e-07	0.0708997997877	3.73541100907e-08	9.52952106961	6.35844131475e-05	9.5204859154	6.5640574445e-05	85.1673032008	5.16094431208e-05	85.1589489105	5.70328409637e-05
13	0.07	9.52	8000.0	0.0709059896819	9.17702074694e-08	0.0708971561458	1.94045247809e-08	9.52785751849	5.48318124116e-05	9.52091789727	2.84335230826e-05	85.1659651484	4.45128806293e-05	85.1595506325	2.43324794176e-05
13	0.07	9.52	8500.0	0.0708321802145	6.24633689478e-08	0.0708431345863	1.21305286282e-08	9.51426707054	3.50239145518e-05	9.52396479631	2.68063461179e-05	85.1556979313	2.86178933371e-05	85.1646943128	2.37568706902e-05
13	0.07	9.52	8750.0	0.0707685023828	7.07680920068e-08	0.0707746239125	2.1139871255e-08	9.51854491601	3.80275202108e-05	9.523684086	1.62616645392e-05	85.1608934738	3.14846629663e-05	85.1656584727	1.40144013794e-05
14	0.13	9.52	3500.0	0.131394911899	6.63513709023e-09	0.131384071446	2.74149127379e-09	9.59473778602	1.186365312e-06	9.58648137904	1.14419967176e-05	85.2213942196	9.39916416242e-07	85.2114754214	1.32730390802e-05
14	0.13	9.52	3750.0	0.131293729448	7.27846377115e-09	0.131279201734	1.02940589563e-08	9.59246775515	1.36458408365e-06	9.58181017596	4.32563212557e-06	85.2216296877	1.09093788086e-06	85.2088347569	4.95803169463e-06
14	0.13	9.52	4000.0	0.130804440363	1.76713648754e-09	0.130800748005	9.51521934525e-09	9.57722822373	4.09976102291e-07	9.5603778884	2.83552334238e-06	85.2178138658	3.16725376746e-07	85.1970530048	2.54625224088e-06
14	0.13	9.52	4250.0	0.130260274361	7.68448209092e-09	0.13027813447	3.39902143245e-09	9.54843490513	1.16945215112e-06	9.53477118775	1.20496946003e-06	85.2020934584	9.92821361528e-07	85.1846440272	1.41361396863e-06
14	0.13	9.52	4500.0	0.13022613407	3.27894303596e-09	0.130236208622	1.25656368357e-09	9.53890885739	3.96662706096e-07	9.53143359384	5.8584395658e-07	85.1936166078	3.48765404362e-07	85.1840505599	7.83339063375e-07
14	0.13	9.52	4750.0	0.130419629281	9.80049180876e-10	0.130422524115	4.33627599088e-09	9.54336402762	2.12973918228e-07	9.53972923105	1.79802594556e-06	85.1934428128	1.72546221646e-07	85.1888487326	2.14499430663e-06
14	0.13	9.52	5000.0	0.13062511293	5.76830949426e-09	0.130625304048	2.87417651186e-09	9.5499717239	6.99939018003e-07	9.54897945806	2.4436472198e-06	85.1951441446	6.45930446201e-07	85.1939074968	3.0668791977e-06
14	0.13	9.52	5250.0	0.130815242336	1.0187501599e-08	0.130815610551	1.20927650556e-08	9.55699403847	1.66580791682e-06	9.55775014603	5.73637223339e-06	85.1976534265	1.37895668498e-06	85.1985814749	6.09852366278e-06
14	0.13	9.52	5500.0	0.130971004648	1.11348218785e-08	0.130972909765	2.51621038926e-08	9.56341955859	2.05821671277e-06	9.56507285897	1.24950276447e-05	85.2004093156	1.70384804254e-06	85.2024070991	1.26303752581e-05
14	0.13	9.52	5750.0	0.131092131126	1.58057218627e-08	0.131094747377	1.27272760006e-08	9.56939063325	2.70255374506e-06	9.57086274986	6.09545122916e-06	85.2035577856	2.30464166755e-06	85.2053133671	5.891489289e-06
14	0.13	9.52	6000.0	0.131183326437	1.81614502039e-08	0.131182718114	3.07816817908e-09	9.5755182146	3.3510395913e-06	9.57525906307	8.29410300171e-06	85.2076205085	2.79540308747e-06	85.2073154397	8.76378675301e-06
14	0.13	9.52	6250.0	0.131238030924	2.73530819329e-08	0.131232268861	1.82846459913e-09	9.57984530165	5.27465267442e-06	9.57780740826	6.36272196304e-06	85.2107791468	4.40614125082e-06	85.2084042965	6.54826202848e-06
14	0.13	9.52	6500.0	0.131258014041	2.72297078818e-09	0.13124477165	1.75668773841e-08	9.58271911166	1.3244372357e-06	9.5786110456	2.46342563084e-06	85.2133358528	8.91990205189e-07	85.2085875824	2.30231234066e-06
14	0.13	9.52	6750.0	0.131276784175	2.8131474815e-09	0.131257620354	3.20167939269e-08	9.58477395053	8.6433832893e-07	9.57933106339	1.06698197659e-05	85.2150753989	6.56086300496e-07	85.2088230206	1.26230382692e-05
14	0.13	9.52	7000.0	0.131295066884	3.44487731667e-09	0.131271893575	5.04429771047e-08	9.58620089365	8.37969620099e-07	9.58002609713	1.7786279848e-05	85.216179922	6.80195129853e-07	85.2091205784	2.05348755812e-05
14	0.13	9.52	7250.0	0.131317144903	3.0437208363e-09	0.13129070604	5.36048042449e-08	9.58757947238	6.90227711985e-07	9.58089124003	1.36162458205e-05	85.2171406685	5.36734417568e-07	85.2095267254	1.59184322896e-05
14	0.13	9.52	7500.0	0.131342978291	6.95959742449e-09	0.131316392893	3.80527830941e-08	9.58845492264	1.73902396891e-06	9.58198586827	1.27409451036e-05	85.2174784383	1.29053065812e-06	85.2101387334	1.45238465264e-05
14	0.13	9.52	7750.0	0.13136530966	2.03631829877e-08	0.131340039206	3.58069673505e-08	9.58893021737	7.10462941901e-06	9.58295961642	1.07976026462e-05	85.2174765228	5.43886828199e-06	85.210720908	1.23355516368e-05
14	0.13	9.52	8000.0	0.131359565922	2.9102508598e-08	0.131337874276	4.1297255743e-08	9.58776494105	7.99237275374e-06	9.58269064309	1.21287222105e-05	85.2164529585	6.35889606596e-06	85.2107160898	1.38665782648e-05
14	0.13	9.52	8500.0	0.13124795008	4.74746757639e-09	0.131256201264	1.03909518913e-08	9.57577194948	9.69305570904e-07	9.57786334798	1.18650563532e-05	85.2068127936	7.61188430243e-07	85.2091962758	1.21551972704e-05
14	0.13	9.52	8750.0	0.131156988041	1.33301488593e-08	0.131157875267	2.82726969538e-08	9.57320957613	1.94634535533e-06	9.57342608079	1.23954276838e-05	85.2065029587	1.76782051939e-06	85.2067491673	1.35603141587e-05
15	0.01	18.18	3500.0	0.0100955188445	4.70425106753e-06	0.010309902051	2.12001560175e-06	18.4190005469	0.0360135225537	17.2965180957	0.0133373505135	87.5224225863	0.00770540492164	87.274058987	0.00313277549729
15	0.01	18.18	3750.0	0.0101057328453	5.86362550505e-06	0.0102889959185	2.32050702493e-06	18.2916618977	0.0447597398834	17.3403312316	0.0145681323513	87.495580858	0.00966625617389	87.2844623089	0.00340555575508
15	0.01	18.18	4000.0	0.0101179205154	3.68267229879e-06	0.0102035715609	3.91320987249e-06	17.9693287817	0.0248858936763	17.5455707964	0.0239440619364	87.4272061692	0.00554162580255	87.3327931935	0.00552462618945
15	0.01	18.18	4250.0	0.0100947593647	1.54247690022e-07	0.0100877979871	1.77239267138e-07	17.8346471599	0.00094991713086	17.867973248	0.00107806427433	87.3997928474	0.000212784929169	87.4071588411	0.000240954883308
15	0.01	18.18	4500.0	0.0100592962868	1.54823603104e-07	0.0100611875786	1.75855537804e-07	17.9898816027	0.000949838246033	17.9806604254	0.00106016436282	87.4347251524	0.000211102487707	87.4327086422	0.000235252408361
15	0.01	18.18	4750.0	0.0100382290108	6.17221264476e-07	0.0100893125348	1.00867541406e-06	18.1972843299	0.00397967199873	17.9405513723	0.00599843663402	87.479425091	0.000869882492165	87.4236363952	0.00133426737477
15	0.01	18.18	5000.0	0.0100274414059	1.08479566914e-06	0.0101251515917	2.00343048929e-07	18.370502428	0.00746411466377	17.8656431611	0.0012907354323	87.51594984	0.00160554721503	87.4066291892	0.000289031979298
15	0.01	18.18	5250.0	0.0100253039895	4.93917501637e-07	0.0101602901629	9.38598786986e-07	18.4970903519	0.00346392879989	17.7820009591	0.00590265746946	87.5421410423	0.000741759559479	87.38752873	0.00133047389733
15	0.01	18.18	5500.0	0.010030270307	6.18582697033e-07	0.0101892689406	2.48030319102e-07	18.5672996898	0.00478691860267	17.7076972282	0.0016319335541	87.5563420394	0.0010127290432	87.3704556711	0.000369666162625
15	0.01	18.18	5750.0	0.0100414894548	3.06168683405e-06	0.0102145929203	2.78598632362e-07	18.5766331285	0.0245904135499	17.6257447324	0.00194437620859	87.5578077094	0.00521669286524	87.3515697024	0.000444035530984
15	0.01	18.18	6000.0	0.0100624656492	4.00537366921e-07	0.0102330460152	2.75547475481e-06	18.4911495706	0.0034281611612	17.5585112045	0.0194087395442	87.5393109053	0.000731909125529	87.3359419846	0.0044531944028
15	0.01	18.18	6250.0	0.0100777613648	3.1075215449e-06	0.0102457904208	3.47224194689e-07	18.4164679344	0.0273690304711	17.4939244653	0.00259439642546	87.5232161012	0.00587565810821	87.3209227931	0.000599699064905
15	0.01	18.18	6500.0	0.0100951340305	1.10344095277e-06	0.0102486585696	4.68845995325e-07	18.2880654641	0.0103599380583	17.4652596686	0.00365742656577	87.4956120121	0.00223833125057	87.31420831	0.000846609864522
15	0.01	18.18	6750.0	0.0101033069663	2.31505844824e-06	0.0102509916258	4.60580962171e-07	18.2315313018	0.022204562783	17.4431257176	0.00362335744073	87.4833728116	0.00482125728467	87.3090188553	0.000844501671397
15	0.01	18.18	7000.0	0.0101106932256	3.37721306428e-06	0.0102525841376	2.30332241121e-06	18.174982832	0.0336244113218	17.4294977364	0.0187183011865	87.4710473059	0.00732770755272	87.3058088872	0.00434095960259
15	0.01	18.18	7250.0	0.0101196132621	9.40571720492e-07	0.0102549818624	2.33938311515e-06	18.1012051747	0.00971111786708	17.4146580399	0.0194573128916	87.4548743415	0.00212639049335	87.3023085149	0.00452064654217
15	0.01	18.18	7500.0	0.0101226549723	1.04709983315e-06	0.0102591981309	1.29755154118e-06	18.0837528762	0.0110690550443	17.3934066687	0.0111378531181	87.4509766039	0.00242629242003	87.2973259637	0.00259351110718
15	0.01	18.18	7750.0	0.0101245036233	9.40306590993e-07	0.0102618041616	1.09381792937e-06	18.0741110206	0.0100463448894	17.384831331	0.00920650111551	87.4487993723	0.00220386394341	87.2953015457	0.00214287033215
15	0.01	18.18	8000.0	0.0101223241826	7.87368762673e-07	0.0102593334662	8.4273819537e-07	18.0831840001	0.0085588274223	17.3963677932	0.00731558103479	87.4508329642	0.00187594236948	87.2980320608	0.00170019155771
15	0.01	18.18	8500.0	0.0100829090339	2.81311468972e-06	0.0102309800112	2.01027150504e-06	18.3504790409	0.0291345168386	17.5492841116	0.0166299601113	87.5093359296	0.00626271648433	87.3338744685	0.00382520072743
15	0.01	18.18	8750.0	0.010084838923	2.83850490831e-06	0.0102131179813	2.29632287089e-07	18.268050857	0.0296934932869	17.5820097418	0.00202834954223	87.4920072622	0.0064362168867	87.3415135986	0.000464321565507
16	0.07	18.18	3500.0	0.0709688632531	7.85047643478e-08	0.070966852591	2.4518174605e-08	18.2137799304	6.09738348785e-05	18.1825243905	2.61620632409e-05	87.4742926489	1.38190366369e-05	87.4662750082	6.14592037793e-06
16	0.07	18.18	3750.0	0.0708969915135	2.35947111971e-08	0.0708936913134	9.56798199766e-08	18.2240988781	2.09208018263e-05	18.1811059689	0.000135683366314	87.4776011556	4.60728193687e-06	87.4665689884	3.20615044733e-05
16	0.07	18.18	4000.0	0.0705603701137	8.90648749019e-09	0.070570939927	1.6164582941e-07	18.2548157554	7.88316404947e-06	18.177030703	0.000194275748602	87.4887793625	1.71501902296e-06	87.4686375153	4.56612482894e-05
16	0.07	18.18	4250.0	0.0701657854612	1.40919493997e-08	0.0701947060837	1.71814135327e-08	18.2501716399	1.07916934715e-05	18.1821176314	1.6896181706e-05	87.4923049384	2.37144722087e-06	87.4744999022	3.99748158261e-06
16	0.07	18.18	4500.0	0.0701387104897	1.69903292697e-08	0.0701540465517	3.77121070267e-08	18.2232820336	1.16068180014e-05	18.1882815518	3.67299123737e-05	87.4863557185	2.61784978323e-06	87.4771895688	8.69565562166e-06
16	0.07	18.18	4750.0	0.0702811803791	1.03292172136e-08	0.0702856330381	3.27905068545e-08	18.2031082591	7.28504300771e-06	18.1900447302	3.36634882983e-05	87.4799520581	1.61774158761e-06	87.4765419608	8.16275154016e-06
16	0.07	18.18	5000.0	0.0704288422991	1.60032945587e-08	0.070428369347	2.11753338608e-08	18.1891262903	1.2001953923e-05	18.1911876422	2.54525131475e-05	87.4749218377	2.66348544491e-06	87.4754578885	6.1206516678e-06
16	0.07	18.18	5250.0	0.070562299075	1.19690331606e-08	0.0705610364325	4.24599187852e-08	18.1795988575	6.85357280117e-06	18.1915520778	5.62723218565e-05	87.4711023207	1.60243781491e-06	87.4741956549	1.39154688467e-05
16	0.07	18.18	5500.0	0.0706690049843	1.15052231631e-07	0.0706694587863	6.39163959122e-08	18.1740628778	9.3887748603e-05	18.1908940494	8.24659337825e-05	87.4685405936	2.11329201003e-05	87.4728776749	1.93637678929e-05
16	0.07	18.18	5750.0	0.0707500851818	1.0155199378e-07	0.0707524675172	1.04130546359e-07	18.1731158888	8.5254826932e-05	18.1892387622	0.000158329898781	87.4673718399	1.92482803409e-05	87.4715079817	3.75614164707e-05
16	0.07	18.18	6000.0	0.0708093768306	2.67633531755e-08	0.0708114101207	9.04631918939e-08	18.1785318993	2.1661463594e-05	18.186449477	0.000163009735072	87.467977273	4.98090155013e-06	87.4699984998	3.87099882685e-05
16	0.07	18.18	6250.0	0.0708430177874	1.99334378317e-08	0.0708428512935	1.11471673326e-08	18.1844298593	1.46297411433e-05	18.1839812689	3.83208324781e-05	87.4690044523	3.50530564181e-06	87.4688901649	9.57867913927e-06
16	0.07	18.18	6500.0	0.0708527559074	2.20990226084e-08	0.0708482962323	8.51982097675e-08	18.1918405816	1.80656060987e-05	18.1819932721	0.000166249941441	87.470676219	4.16357235342e-06	87.468174527	3.84181573635e-05
16	0.07	18.18	6750.0	0.0708623206519	3.36415168888e-08	0.0708542523528	7.31195026817e-08	18.196475064	3.12159694749e-05	18.1806696621	0.000171134207044	87.4716858158	7.13105501549e-06	87.4676809839	3.99537858116e-05
16	0.07	18.18	7000.0	0.0708717538318	3.23510236993e-08	0.0708612062536	4.80498382615e-08	18.1989946421	3.1177480936e-05	18.1800221605	0.000115300617003	87.4721886036	7.07513147055e-06	87.4673908384	2.67538940577e-05
16	0.07	18.18	7250.0	0.0708837486626	3.86134114292e-08	0.070871185619	3.33609650364e-08	18.2007861998	3.62466716171e-05	18.1797417712	8.4311671234e-05	87.4724845118	8.28673613038e-06	87.4671714305	1.92088016874e-05
16	0.07	18.18	7500.0	0.0708984830001	3.18618178375e-08	0.0708859944192	3.67092972213e-08	18.1998706873	3.57365260519e-05	18.1800476458	0.000109937965023	87.4720984828	7.91766511691e-06	87.4671000708	2.53591093503e-05
16	0.07	18.18	7750.0	0.0709111932676	1.24241073856e-08	0.0708997824503	2.96518210624e-08	18.1979256213	1.53948689365e-05	18.180505563	0.000100417750286	87.4714887995	3.40604070324e-06	87.4671009615	2.34041668763e-05
16	0.07	18.18	8000.0	0.0709059858737	4.43051595861e-08	0.0708971370711	3.6895862181e-08	18.1947381966	5.34534721888e-05	18.1813452253	0.000109238416227	87.4707897307	1.17653460157e-05	87.4674176063	2.51818862185e-05
16	0.07	18.18	8500.0	0.0708321863823	6.64987127664e-08	0.0708430907395	6.66473355608e-08	18.168583736	7.11047060882e-05	18.1873564582	0.000207059281644	87.4653987204	1.58724861655e-05	87.4701401726	4.90118969557e-05
16	0.07	18.18	8750.0	0.0707684764953	8.57065950153e-08	0.070774619777	2.10414348501e-08	18.1768877035	9.11916541038e-05	18.1867344412	6.2444438126e-05	87.4681340714	2.05673288986e-05	87.4706216374	1.46098346156e-05
17	0.13	18.18	3500.0	0.131394893555	5.80084647011e-09	0.131384040052	1.35946039856e-08	18.3235446152	1.52370082147e-06	18.307576379	1.61036579356e-05	87.4998909101	3.52227433008e-07	87.4946810233	5.03603653459e-06
17	0.13	18.18	3750.0	0.131293708748	9.64416038922e-09	0.131279177235	7.07268420064e-09	18.3192145563	3.55315869335e-06	18.2985972292	1.26782170904e-05	87.5000146266	7.78569565512e-07	87.4932924493	3.60561782622e-06
17	0.13	18.18	4000.0	0.130804422199	3.82064168569e-09	0.13080073712	1.24535501793e-08	18.2900342014	1.33184477022e-06	18.2574424571	9.6684966059e-06	87.4980109201	3.02984998562e-07	87.487108853	2.64989798563e-06
17	0.13	18.18	4250.0	0.13026027181	7.68075847204e-09	0.13027813145	8.70267820161e-09	18.234737612	2.17429599724e-06	18.2083065772	6.01614566207e-06	87.4897571899	4.97453644323e-07	87.4805964476	1.91401113318e-06
17	0.13	18.18	4500.0	0.130226131381	6.24626104633e-09	0.130236208908	2.5922602763e-09	18.2163823604	1.53920996702e-06	18.2019202325	1.54849611615e-06	87.4853072033	3.65553668134e-07	87.4802845778	4.6674487284e-07
17	0.13	18.18	4750.0	0.130419623286	2.9560355538e-09	0.130422519777	7.46571627199e-09	18.2248886974	9.70525191554e-07	18.217856505	6.3038900739e-06	87.4852163231	2.2196707903e-07	87.4828038351	2.02510880881e-06
17	0.13	18.18	5000.0	0.130625104497	3.58143530272e-09	0.130625289525	1.33348182794e-08	18.2375421836	9.21541005271e-07	18.2356254829	1.51769164026e-05	87.4861098549	1.93034499101e-07	87.4854612015	4.82039026486e-06
17	0.13	18.18	5250.0	0.130815232884	1.52978980711e-08	0.130815595551	1.40868408224e-08	18.2510022251	4.98858273032e-06	18.2524624327	1.36487024905e-05	87.4874273665	1.12622855171e-06	87.4879138847	3.99002175084e-06
17	0.13	18.18	5500.0	0.130970988511	2.39423324671e-08	0.130972898691	3.3624420043e-09	18.2633291775	8.35245762766e-06	18.2665092217	3.8345860962e-06	87.4888747338	1.90075488932e-06	87.4899189899	1.57924544549e-06
17	0.13	18.18	5750.0	0.131092120409	4.65035193526e-09	0.131094731797	6.29402812049e-09	18.2747911355	2.057150996e-06	18.277620591	8.24242013951e-06	87.4905271295	4.32186487144e-07	87.4914438186	2.266420002e-06
17	0.13	18.18	6000.0	0.131183307117	1.68256133705e-08	0.131182692614	2.47570600147e-09	18.2865755364	6.11914876505e-06	18.2860729769	2.63377303233e-05	87.4926607376	1.40102697143e-06	87.4924999556	7.67662823174e-06
17	0.13	18.18	6250.0	0.131238017909	6.45370194146e-09	0.131232237361	3.43446807194e-10	18.2948988596	3.68061569398e-06	18.2909440718	1.16415991313e-05	87.4943185249	7.61454247449e-07	87.4930666689	3.3099038916e-06
17	0.13	18.18	6500.0	0.131258002367	2.34382319653e-09	0.131244735227	6.94430560055e-10	18.3004349272	7.69383981412e-07	18.2924866363	1.4280856275e-05	87.4956603518	1.61620948057e-07	87.4931641535	3.97182666692e-06
17	0.13	18.18	6750.0	0.131276769147	3.6168310803e-09	0.131257579322	2.53070896485e-09	18.3043945166	1.75187814226e-06	18.2938648304	1.66674505151e-05	87.4965739045	3.78801832031e-07	87.4932871736	4.59881779792e-06
17	0.13	18.18	7000.0	0.131295050599	3.58936235434e-09	0.131271849906	2.9321918174e-08	18.3071416594	1.91456108183e-06	18.2951939159	1.24492553202e-05	87.4971538598	3.9832519082e-07	87.4934420016	3.04264931633e-06
17	0.13	18.18	7250.0	0.131317127506	4.41271239555e-09	0.131290676094	7.19569222696e-08	18.3097938504	2.49460036462e-06	18.2968636259	2.2886560734e-05	87.4976583977	5.31285286011e-07	87.4936583578	7.35774015239e-06
17	0.13	18.18	7500.0	0.131342965208	6.33010962861e-09	0.131316363701	4.67331322567e-08	18.3114705881	3.0740777421e-06	18.298970385	2.80089790112e-05	87.4978353762	6.19795567863e-07	87.4939810196	8.75322929172e-06
17	0.13	18.18	7750.0	0.131365299637	5.48768241895e-09	0.131340012793	5.43567403721e-08	18.3123767881	5.87877728408e-06	18.3008459597	3.50554791361e-05	87.4978340109	1.11490377803e-06	87.4942879818	1.07269296662e-05
17	0.13	18.18	8000.0	0.131359555969	5.91744946703e-09	0.13133784406	4.92462420115e-08	18.3101329052	6.04289590835e-06	18.3003266486	2.53515967512e-05	87.4972969278	1.17389236928e-06	87.4942838826	8.01674607032e-06
17	0.13	18.18	8500.0	0.131247940287	1.59829229628e-08	0.131256174771	2.13095851191e-08	18.2870424444	6.18262752644e-06	18.2910837774	3.84939296571e-05	87.4922362062	1.3861799644e-06	87.4934875413	1.09495705428e-05
17	0.13	18.18	8750.0	0.131156975525	1.52894638818e-08	0.131157835084	9.82592112009e-09	18.282144837	7.81571915958e-06	18.2825474357	1.42822033461e-05	87.4920739564	1.71594746063e-06	87.4921983217	3.60303689317e-06
18	0.01	200	3500.0	0.0100959455631	5.02628560006e-06	0.0103097333738	2.61653173819e-06	202.59986489	0.424115675867	190.261121725	0.180927775752	89.7748016089	0.000748326300728	89.7522861949	0.000350375122153
18	0.01	200	3750.0	0.0101057556945	6.0966276236e-06	0.0102890536591	2.31262836538e-06	201.229449704	0.515463112096	190.729251899	0.164020161508	89.7724202237	0.000917832817336	89.7532032553	0.000317196548787
18	0.01	200	4000.0	0.0101178473288	3.11241081138e-06	0.0102038665468	3.7793259674e-06	197.679458386	0.237312789843	192.983704942	0.260816249421	89.7662105631	0.000431668910601	89.757580304	0.000494344204865
18	0.01	200	4250.0	0.0100948076524	1.24059684301e-07	0.0100878607162	1.58018254614e-07	196.185544409	0.00838883501877	196.552349972	0.0106944812574	89.7637011709	1.55069919962e-05	89.76436975	1.969442664e-05
18	0.01	200	4500.0	0.0100593262559	1.48237829888e-07	0.0100612287975	1.65896283409e-07	197.899883132	0.0100376485137	197.797410936	0.011150484635	89.7668823018	1.83862192694e-05	89.7666974948	2.04330786213e-05
18	0.01	200	4750.0	0.0100384017603	3.77737962579e-07	0.0100893438065	1.7321104267e-07	200.178304069	0.0271314354557	197.355384677	0.0112019440494	89.7709314778	4.88458145493e-05	89.7658730684	2.08634224652e-05
18	0.01	200	5000.0	0.0100275869905	8.92988113156e-07	0.0101251504662	2.50348853392e-07	202.090693776	0.0676979673433	196.530956149	0.0179523469452	89.7742571833	0.000120049295392	89.7643295395	3.31557479769e-05
18	0.01	200	5250.0	0.0100253134574	4.78538544982e-07	0.0101606271717	5.98334230872e-07	203.499385042	0.0386132023974	195.584256544	0.0414499773681	89.7766608701	6.7645814616e-05	89.7625474466	7.70010181244e-05
18	0.01	200	5500.0	0.0100301712913	7.40268738242e-07	0.0101892668451	9.06628208598e-07	204.281227522	0.0628665134117	194.787685267	0.065113051627	89.7779661315	0.000109700847899	89.7610373059	0.0001220149499
18	0.01	200	5750.0	0.0100413722965	2.00951691389e-06	0.0102144289406	5.50618078868e-07	204.386679529	0.177473205886	193.895337842	0.0415415987777	89.7781038375	0.000310640337452	89.7593412501	7.81642010511e-05
18	0.01	200	6000.0	0.0100624462002	4.39090584015e-07	0.0102331138098	2.63558281596e-06	203.433874687	0.0426669802255	193.13538736	0.205269657056	89.7764045737	7.45886007852e-05	89.7578852364	0.000388165325458
18	0.01	200	6250.0	0.0100778170195	3.01531682146e-06	0.010245607611	6.79757687264e-07	202.602836238	0.294488211684	192.442781644	0.0549125846461	89.7749278236	0.000521145047037	89.7565566863	0.000104576197118
18	0.01	200	6500.0	0.0100955685423	8.59904778787e-07	0.0102487992187	2.81300901199e-07	201.147061378	0.0891838097145	192.099846658	0.02414558267	89.7723467938	0.000158811536615	89.755894984	4.63172243147e-05
18	0.01	200	6750.0	0.0101046085284	6.70920593532e-07	0.0102509987618	2.15761025891e-07	200.432116897	0.0724743063163	191.866440603	0.018722752451	89.7710687544	0.000129627265138	89.7554433082	3.58344514963e-05
18	0.01	200	7000.0	0.0101108152666	3.34463337167e-06	0.0102526946031	2.24700187141e-06	199.931056137	0.366560471667	191.707475105	0.200915759936	89.7701681693	0.00065880500931	89.7551348237	0.000384470408684
18	0.01	200	7250.0	0.0101190298788	2.25487165382e-06	0.0102549714734	2.19531051165e-06	199.196710396	0.257167749804	191.554661595	0.200488913974	89.7688404336	0.000464278348484	89.7548372369	0.000384263604584
18	0.01	200	7500.0	0.0101218608668	2.46824425769e-06	0.0102577965839	2.04768527797e-06	199.030237145	0.288080733114	191.447572524	0.191263180888	89.7685330265	0.000520549120691	89.754628115	0.000366661149077
18	0.01	200	7750.0	0.0101245326238	9.23468194163e-07	0.0102617479871	1.2175999254e-06	198.827788398	0.109531885069	191.230416077	0.114379062555	89.7681614242	0.000198143232728	89.7542090295	0.000219582512071
18	0.01	200	8000.0	0.0101216773227	1.81837668697e-06	0.0102577814036	2.06462376364e-06	199.008655163	0.217521036743	191.498055532	0.19589720701	89.7684923338	0.000393047524929	89.7547266159	0.000375318667615
18	0.01	200	8500.0	0.0100826502324	2.28640513825e-06	0.0102309748987	1.87102572753e-06	201.911742302	0.259773311557	193.038393583	0.172308161967	89.7737301326	0.000461122039974	89.7577057418	0.000326282865441
18	0.01	200	8750.0	0.0100848293689	2.66568648884e-06	0.0102131293637	2.10864787378e-07	200.972457299	0.311025282288	193.399500464	0.0211079581679	89.7721014389	0.0005540154446	89.7584013325	3.98627546118e-05
19	0.07	200	3500.0	0.070968848533	8.69691888809e-08	0.0709668495787	4.72269326448e-08	200.371151394	0.000722629989259	200.026005428	0.000720134538022	89.770486476	1.35602060957e-06	89.7697568007	1.38784856704e-06
19	0.07	200	3750.0	0.0708969955949	2.04525399648e-08	0.0708936903616	9.36767788509e-08	200.485016902	0.000213348879116	200.010352379	0.00148306392423	89.7707872092	3.82848736483e-07	89.7697833735	2.85683063822e-06
19	0.07	200	4000.0	0.0705603639013	9.13221102152e-09	0.0705709496809	1.31167329567e-07	200.824694134	8.86356285745e-05	199.965700012	0.00168490399003	89.7718043764	1.58414286386e-07	89.7699713017	3.23098739544e-06
19	0.07	200	4250.0	0.0701657828058	1.78665261571e-08	0.0701946978114	2.59588687896e-08	200.774125044	0.000144737221219	200.022853	0.000281733917716	89.7721251243	2.64462667654e-07	89.7705053101	5.4961514841e-07
19	0.07	200	4500.0	0.0701387054866	9.94641793401e-09	0.0701540507145	2.59152852314e-08	200.477447778	7.72675578386e-05	200.090942177	0.000274059702824	89.7715839101	1.43035834564e-07	89.7707497804	5.31937709074e-07
19	0.07	200	4750.0	0.0702811816203	7.87941885592e-09	0.0702856152977	4.30990015414e-08	200.254503069	5.9552079032e-05	200.110462482	0.000462813954022	89.7710011966	1.0953803139e-07	89.7706912872	9.16530549004e-07
19	0.07	200	5000.0	0.0704288491306	1.34657324035e-08	0.0704283737582	2.22963693064e-08	200.099885582	0.000115567048873	200.122616103	0.000294286497286	89.7705434461	2.10128969375e-07	89.7705921523	5.83243042206e-07
19	0.07	200	5250.0	0.0705622991775	2.16275826982e-08	0.07056104445	1.07398768066e-08	199.994548945	0.000155919190647	200.126361856	0.000151975874463	89.7701960239	2.96710983535e-07	89.7704771648	3.04187006834e-07
19	0.07	200	5500.0	0.0706690198896	5.24299560706e-08	0.0706694282334	1.16176060531e-07	199.933128121	0.000483368417507	200.119422436	0.00160896798284	89.7699626991	8.9250195045e-07	89.7703582116	3.10360284589e-06
19	0.07	200	5750.0	0.070750099578	5.20671448651e-08	0.0707524593808	1.0300673968e-07	199.922527652	0.000496893973545	200.100708907	0.00168970018768	89.7698563491	9.30072225324e-07	89.7702330226	3.36908312581e-06
19	0.07	200	6000.0	0.0708093781267	3.27879886136e-08	0.0708114124047	7.52665786595e-08	199.982317496	0.00029966498324	200.069557508	0.00153013050874	89.7699116515	5.67634137518e-07	89.7700952191	3.04104041274e-06
19	0.07	200	6250.0	0.0708430093631	4.20098662278e-08	0.0708428438742	2.80212720246e-08	200.04744428	0.000395045558496	200.042440506	0.000814853442688	89.7700052754	7.46085655925e-07	89.7699947741	1.63879060632e-06
19	0.07	200	6500.0	0.0708527455073	4.25732888408e-08	0.0708482989547	5.85326368946e-08	200.12923016	0.000402399934454	200.020206159	0.00116441628459	89.7701573968	7.61874532124e-07	89.7699291624	2.19529874576e-06
19	0.07	200	6750.0	0.0708623239625	2.79127410933e-08	0.0708542235202	9.09179089333e-08	200.180251501	0.000301632028577	200.006299077	0.00223854727231	89.7702490357	5.65352847975e-07	89.7698856529	4.29117170156e-06
19	0.07	200	7000.0	0.0708717467035	4.13629960023e-08	0.07086119016	6.80693807059e-08	200.20813111	0.000444278796992	199.998917728	0.00188578345594	89.7702949484	8.29935619539e-07	89.7698588478	3.62124869536e-06
19	0.07	200	7250.0	0.0708837513013	3.96483862106e-08	0.0708711747919	4.01237442989e-08	200.227806318	0.000439244131629	199.995512191	0.00109120376347	89.7703217204	8.17987308412e-07	89.7698383799	2.11476099957e-06
19	0.07	200	7500.0	0.0708984921957	2.76830332141e-08	0.0708859877727	3.6928568532e-08	200.217564796	0.000336028685873	199.998826961	0.00117263224997	89.7702863953	6.15648227425e-07	89.7698317693	2.24054429359e-06
19	0.07	200	7750.0	0.0709111985051	1.3534794489e-08	0.0708997819709	2.99509661543e-08	200.196132756	0.000171332810866	200.003471807	0.000887157561976	89.770231028	3.16101639145e-07	89.7698310713	1.67494608642e-06
19	0.07	200	8000.0	0.0709059962272	3.34769344815e-08	0.0708971367593	3.41781484408e-08	200.160896626	0.000471570994666	200.012816896	0.00100549826353	89.7701673029	8.49688841262e-07	89.7698600051	1.89456020966e-06
19	0.07	200	8500.0	0.0708321225889	1.41696645289e-07	0.0708431108909	2.82447329414e-08	199.873296337	0.00174103569244	200.078927476	0.00111222750357	89.7696785188	3.19026751378e-06	89.7701068874	2.19754074159e-06
19	0.07	200	8750.0	0.0707684903875	4.78759344619e-08	0.070774619416	2.27230362467e-08	199.964107466	0.000568805423313	200.072748201	0.000728572571685	89.7699256482	1.06610525716e-06	89.7701518392	1.38553595841e-06
20	0.13	200	3500.0	0.131394885022	6.86770146678e-09	0.131384034744	8.54039725486e-09	201.582538603	1.80761393544e-05	201.406010129	0.000113625233153	89.7728154408	3.74893698634e-08	89.7723412464	2.61778759804e-07
20	0.13	200	3750.0	0.131293700271	1.07812721502e-08	0.131279167652	7.13826578387e-09	201.534918778	4.3834583807e-05	201.307035136	0.000161310240475	89.7728266937	7.96032933138e-08	89.7722149598	3.82276607429e-07
20	0.13	200	4000.0	0.130804416106	4.2523283184e-09	0.130800730569	1.37594018564e-08	201.213576594	1.48845304819e-05	200.853354422	0.000117695146211	89.7726443595	2.7938796714e-08	89.7716523818	2.68874666502e-07
20	0.13	200	4250.0	0.130260267673	2.14135113188e-09	0.13027812957	9.90052715424e-09	200.603982963	6.30134322262e-06	200.311817025	7.80302053823e-05	89.77189338	1.24337095883e-08	89.771059877	2.04975509816e-07
20	0.13	200	4500.0	0.130226132204	1.04577291411e-08	0.130236208312	3.91944087266e-09	200.401369108	2.3200493442e-05	200.241505306	2.64382442119e-05	89.7714884781	4.62471897876e-08	89.7710314828	6.6246297429e-08
20	0.13	200	4750.0	0.130419620505	2.70950719494e-09	0.130422518901	6.68192066944e-09	200.494945993	1.94304188839e-05	200.417195568	5.62072911437e-05	89.77148023	3.47714250225e-08	89.7712606672	1.43760924654e-07
20	0.13	200	5000.0	0.130625102953	4.21107848259e-09	0.130625289183	7.73747526797e-09	200.634283325	1.06828633826e-05	200.613059998	0.000109026662969	89.7715615263	2.03314923937e-08	89.7715023993	2.86777691761e-07
20	0.13	200	5250.0	0.130815230857	1.26336695023e-08	0.13081559337	8.52014433672e-09	200.782564097	4.59513641556e-05	200.798651317	6.7196821219e-05	89.7716814062	8.5634972551e-08	89.7717255338	1.50340282354e-07
20	0.13	200	5500.0	0.13097098501	2.23932731052e-08	0.13097289386	2.76833829926e-09	200.918402124	8.67044404437e-05	200.953517461	8.41842215074e-05	89.7718131078	1.63262540221e-07	89.7719080363	2.43316773624e-07
20	0.13	200	5750.0	0.131092111636	1.41524948304e-08	0.131094720454	1.03398557485e-08	201.04477648	6.34876944913e-05	201.076034162	0.000157890235789	89.7719634999	1.1434539027e-07	89.7720468798	3.60858733508e-07
20	0.13	200	6000.0	0.131183302485	8.97455390017e-09	0.131182680779	5.4186111158e-09	201.174729478	4.50359507805e-05	201.169094331	0.000134352956636	89.7721575994	8.04817342157e-08	89.7721427525	2.96322197035e-07
20	0.13	200	6250.0	0.131238013934	3.82418325513e-09	0.131232226459	3.08426650619e-10	201.266543369	1.40274509047e-05	201.222871534	0.000233590402356	89.7723084242	2.34089378068e-08	89.7721945737	5.47025345307e-07
20	0.13	200	6500.0	0.131257994761	5.90656847392e-09	0.131244722533	8.07973612016e-10	201.327661414	1.96861268182e-05	201.239738205	0.000142244116228	89.7724305281	3.46651845234e-08	89.7722031668	3.2621831561e-07
20	0.13	200	6750.0	0.131276755357	1.38713458032e-08	0.131257564608	1.16440024815e-09	201.371376042	4.530757962e-05	201.254884571	0.000104020366842	89.7725136864	9.50253895965e-08	89.7722142825	2.3593671968e-07
20	0.13	200	7000.0	0.131295040972	6.39926685382e-09	0.131271834601	5.51548693231e-09	201.401677614	2.69530083471e-05	201.269618757	0.000207960432511	89.7725664305	4.9483801061e-08	89.7722285924	4.70329723298e-07
20	0.13	200	7250.0	0.131317118038	6.18848898912e-09	0.131290663509	6.41589585231e-08	201.430928895	3.03535372385e-05	201.288051138	0.000300112514132	89.7726123297	5.44981419267e-08	89.7722483318	7.50770930408e-07
20	0.13	200	7500.0	0.13134295675	1.03466253212e-08	0.131316345492	2.596999471e-08	201.449415639	6.5386319177e-05	201.311196512	5.30379167379e-05	89.7726284455	1.0504687626e-07	89.7722774879	1.19057980729e-07
20	0.13	200	7750.0	0.131365294896	4.82657612451e-09	0.131339994382	4.60682585594e-08	201.459333998	2.5986501414e-05	201.331871619	0.000285518564257	89.7726282425	4.27087859691e-08	89.772305416	7.35069237786e-07
20	0.13	200	8000.0	0.131359552657	5.54993921313e-09	0.131337825575	3.30215830673e-08	201.434583016	6.19239223082e-05	201.326176646	8.02963819739e-05	89.7725794014	9.73581191346e-08	89.7723050839	2.57820587501e-07
20	0.13	200	8500.0	0.131247932669	1.72719515267e-08	0.131256160544	1.64867238896e-08	201.179815658	7.77805808726e-05	201.22437604	0.0003253403519	89.7721190007	1.44211285345e-07	89.7722326301	7.42226402639e-07
20	0.13	200	8750.0	0.131156974313	1.50017325986e-08	0.131157819429	5.73252706737e-09	201.125883025	8.89984704815e-05	201.130260396	0.000126932908374	89.772104184	1.57901329656e-07	89.7721153302	2.6137638379e-07
