# Results of the simulations. Done for the three-param LD law with:
# Period = 1.0, t0 = 0.0, b = 0.0, N = 1000 and n_try = 100
#
# gnum 	 input_p 	 input_a 	 input_teff 	 p_fixed 	 sigma_p_fixed 	 p_float 	 sigma_p_float 	 a_fixed 	 sigma_a_fixed 	 a_float 	 sigma_a_float	 i_fixed 	 sigma_i_fixed 	 i_float 	 sigma_i_float
0	0.01	3.27	3500.0	0.0100008989306	6.74669965495e-10	0.0100017581971	2.36266157734e-08	3.26989019795	9.59392949149e-07	3.2706195587	7.91173604706e-06	90.0	0.0	90.0	0.0
0	0.01	3.27	3750.0	0.0100009481957	7.16621992014e-10	0.0100018368917	3.52406852774e-08	3.26988225754	1.00130092892e-06	3.27064749157	1.11963311684e-05	90.0	0.0	90.0	0.0
0	0.01	3.27	4000.0	0.0100009850705	1.15289640235e-10	0.010002006649	3.22687961142e-08	3.26987569695	1.53485816893e-07	3.27070865458	1.08010634476e-05	90.0	0.0	90.0	0.0
0	0.01	3.27	4250.0	0.0100011499484	4.75896335672e-10	0.0100024774476	5.05174106363e-08	3.26985667938	6.93747721238e-07	3.270876357	1.36269092846e-05	90.0	0.0	90.0	0.0
0	0.01	3.27	4500.0	0.0100012358482	2.46948751514e-10	0.0100021876792	2.27352906761e-08	3.26985009033	2.2696183954e-07	3.27080198027	7.69090247041e-06	90.0	0.0	90.0	0.0
0	0.01	3.27	4750.0	0.0100011686213	3.54570916961e-10	0.0100014224375	1.2509712926e-08	3.26986139995	5.12855844215e-07	3.27056514325	3.8185587484e-06	90.0	0.0	90.0	0.0
0	0.01	3.27	5000.0	0.0100011305921	2.67164963486e-10	0.0100010528917	6.01900869472e-09	3.26986756114	2.16410092561e-07	3.27045024565	2.38389234525e-06	90.0	0.0	90.0	0.0
0	0.01	3.27	5250.0	0.0100010806435	2.46454288111e-10	0.0100010112668	5.94921396726e-09	3.26987363496	1.57131311213e-07	3.2704297426	2.40569974375e-06	90.0	0.0	90.0	0.0
0	0.01	3.27	5500.0	0.010000993551	1.18144820727e-10	0.0100012435268	1.17409158272e-08	3.26988347568	2.23937865965e-07	3.27048197341	4.25720133754e-06	90.0	0.0	90.0	0.0
0	0.01	3.27	5750.0	0.0100008721455	1.80009533746e-10	0.0100015032569	2.26753959158e-08	3.26989678315	3.55818786549e-07	3.27053787991	7.92076518584e-06	90.0	0.0	90.0	0.0
0	0.01	3.27	6000.0	0.0100007493797	1.88985920979e-10	0.0100012469373	1.4691752602e-08	3.26991013452	5.6495950991e-07	3.27044628507	5.04791277126e-06	90.0	0.0	90.0	0.0
0	0.01	3.27	6250.0	0.0100006567147	2.37755913091e-10	0.0100010642399	1.62260959167e-08	3.26992021925	5.9953851756e-07	3.27038171424	5.27645812161e-06	90.0	0.0	90.0	0.0
0	0.01	3.27	6500.0	0.0100006233235	1.92305278168e-10	0.0100009753114	3.7993260992e-09	3.26992340936	4.65926271227e-07	3.27035065067	1.10270542183e-06	90.0	0.0	90.0	0.0
0	0.01	3.27	6750.0	0.0100006033413	2.1766232936e-10	0.0100009329762	1.49390277586e-08	3.26992525519	5.5328613887e-07	3.27033576622	4.6770138023e-06	90.0	0.0	90.0	0.0
0	0.01	3.27	7000.0	0.0100006069457	9.14075845682e-11	0.0100009176011	7.1814342167e-09	3.26992452245	3.27630154135e-07	3.27033106932	2.3569253785e-06	90.0	0.0	90.0	0.0
0	0.01	3.27	7250.0	0.010000626851	1.41290613143e-10	0.0100009356505	9.13423315299e-09	3.26992190307	1.51781328457e-07	3.27033697136	2.93628393201e-06	90.0	0.0	90.0	0.0
0	0.01	3.27	7500.0	0.0100006431481	1.77083903741e-10	0.0100009460653	3.68118210148e-09	3.26991977826	1.99338659935e-07	3.27034105202	1.12908545592e-06	90.0	0.0	90.0	0.0
0	0.01	3.27	7750.0	0.0100006533766	2.60071783909e-10	0.0100009577377	1.17708693799e-08	3.26991850387	2.59065677955e-07	3.27034529851	3.83711208192e-06	90.0	0.0	90.0	0.0
0	0.01	3.27	8000.0	0.0100006749399	1.86268182878e-10	0.0100009793231	7.63173137213e-09	3.26991612669	1.75448582242e-07	3.27035333668	2.77229053471e-06	90.0	0.0	90.0	0.0
0	0.01	3.27	8500.0	0.0100007094571	4.00630907249e-10	0.0100010287088	1.68086365193e-08	3.26991443334	4.93364045491e-07	3.27037149547	5.77404166562e-06	90.0	0.0	90.0	0.0
0	0.01	3.27	8750.0	0.0100008138521	1.66111392108e-10	0.0100011433643	6.71140411979e-09	3.26990115566	2.63146604254e-07	3.2704154444	2.41393348777e-06	90.0	0.0	90.0	0.0
1	0.07	3.27	3500.0	0.0700110537807	1.09878821362e-09	0.0700267045593	3.83148388219e-08	3.27055112829	9.03120498711e-08	3.27126405428	1.71674575764e-06	90.0	0.0	90.0	0.0
1	0.07	3.27	3750.0	0.0700116399883	9.63698309819e-10	0.0700278833654	3.02387170251e-08	3.27057637955	8.46178349936e-08	3.27132010092	1.35386891882e-06	90.0	0.0	90.0	0.0
1	0.07	3.27	4000.0	0.0700122739415	1.13472684748e-09	0.0700307522412	3.77072641165e-08	3.27063151711	1.08340593118e-07	3.27145542449	1.69307409187e-06	90.0	0.0	90.0	0.0
1	0.07	3.27	4250.0	0.0700146221124	1.00701109831e-09	0.0700383801495	3.03846387061e-08	3.27079220628	9.37396484571e-08	3.27181592787	1.30067710312e-06	90.0	0.0	90.0	0.0
1	0.07	3.27	4500.0	0.0700157360531	1.17745743988e-09	0.070015736055	1.17831073492e-09	3.27085381239	1.0915021143e-07	3.27085381265	1.09105649809e-07	90.0	0.0	90.0	0.0
1	0.07	3.27	4750.0	0.0700147448607	1.08964261587e-09	0.0699932506679	1.24823154726e-08	3.27078662174	1.05147693463e-07	3.26968239444	6.16892450099e-07	90.0	0.0	90.0	0.0
1	0.07	3.27	5000.0	0.0700141283441	1.07981573183e-09	0.0699882563003	2.33483976434e-08	3.27073876541	9.39584429167e-08	3.26944740128	1.134111683e-06	90.0	0.0	90.0	0.0
1	0.07	3.27	5250.0	0.0700133763174	6.23393913024e-10	0.0699901638512	1.06806702458e-08	3.27068203207	6.32522826745e-08	3.26953867693	5.21698330627e-07	90.0	0.0	90.0	0.0
1	0.07	3.27	5500.0	0.0700121578758	1.54473741605e-09	0.0699984953364	8.24193213245e-09	3.27060279241	1.31731371411e-07	3.26993302709	4.31991119452e-07	90.0	0.0	90.0	0.0
1	0.07	3.27	5750.0	0.0700105885127	1.31464881314e-09	0.0700124645352	8.26033114203e-09	3.27051042869	1.29985103123e-07	3.27059283146	3.56019886988e-07	90.0	0.0	90.0	0.0
1	0.07	3.27	6000.0	0.0700090106445	9.54205567161e-10	0.070019828379	2.6816882131e-08	3.27042193469	8.6858789227e-08	3.27094013705	1.21565185267e-06	90.0	0.0	90.0	0.0
1	0.07	3.27	6250.0	0.0700078562068	9.72994847293e-10	0.0700169196329	2.69576305462e-08	3.27035838947	9.45610239367e-08	3.27080250542	1.2323957688e-06	90.0	0.0	90.0	0.0
1	0.07	3.27	6500.0	0.0700074160238	9.85198085579e-10	0.0700156610788	2.46587681301e-08	3.2703303512	9.57010563897e-08	3.27074306557	1.1185303458e-06	90.0	0.0	90.0	0.0
1	0.07	3.27	6750.0	0.0700071519546	9.33959891491e-10	0.0700148784676	2.30452336373e-08	3.27031280948	9.54750536939e-08	3.27070611268	1.06314338779e-06	90.0	0.0	90.0	0.0
1	0.07	3.27	7000.0	0.0700071719577	1.34252805566e-09	0.0700147333627	3.08297685214e-08	3.27030920586	1.21206530879e-07	3.27069940675	1.38700433629e-06	90.0	0.0	90.0	0.0
1	0.07	3.27	7250.0	0.0700073683196	1.11984241267e-09	0.0700149804551	2.77192648389e-08	3.27031376748	9.19495717646e-08	3.27071127589	1.2574544775e-06	90.0	0.0	90.0	0.0
1	0.07	3.27	7500.0	0.0700075470817	1.33063920655e-09	0.0700152129053	3.04284242306e-08	3.27031840446	1.31411939493e-07	3.27072241097	1.39875198087e-06	90.0	0.0	90.0	0.0
1	0.07	3.27	7750.0	0.0700076535978	1.55645754845e-09	0.0700153214632	3.2429382816e-08	3.2703205763	1.52857502048e-07	3.27072765548	1.4902898358e-06	90.0	0.0	90.0	0.0
1	0.07	3.27	8000.0	0.0700078931969	1.08351449586e-09	0.0700157337881	2.50927193525e-08	3.27032968173	9.45820304013e-08	3.27074729612	1.13323084352e-06	90.0	0.0	90.0	0.0
1	0.07	3.27	8500.0	0.0700083065404	1.17639789896e-09	0.0700165999777	2.59107604962e-08	3.27035388975	1.23339902122e-07	3.2707884181	1.18863986407e-06	90.0	0.0	90.0	0.0
1	0.07	3.27	8750.0	0.0700095168714	1.82300179905e-09	0.0700187319149	3.80166775541e-08	3.27039952376	1.72824545285e-07	3.27089003804	1.71867756624e-06	90.0	0.0	90.0	0.0
2	0.13	3.27	3500.0	0.13002949562	2.19024605665e-09	0.130057130272	8.71095183849e-08	3.27107089135	6.13466325685e-08	3.27144447768	2.16195852366e-06	90.0	0.0	90.0	0.0
2	0.13	3.27	3750.0	0.130031145266	1.7545230619e-09	0.130059696474	6.51928252062e-08	3.27112954058	5.25982897498e-08	3.27150947155	1.61400031487e-06	90.0	0.0	90.0	0.0
2	0.13	3.27	4000.0	0.130032582863	2.10237856011e-09	0.130065872967	8.53100299338e-08	3.27120801243	6.18487387566e-08	3.27166540796	2.11162746647e-06	90.0	0.0	90.0	0.0
2	0.13	3.27	4250.0	0.130038334954	2.04990996857e-09	0.130072742187	3.00295853416e-08	3.271459834	5.73892108491e-08	3.27183659296	6.9585173742e-07	90.0	0.0	90.0	0.0
2	0.13	3.27	4500.0	0.130041202621	2.47461831366e-09	0.130041202624	2.47203966397e-09	3.27157044851	6.36911930159e-08	3.27157044864	6.36145788414e-08	90.0	0.0	90.0	0.0
2	0.13	3.27	4750.0	0.130038721659	1.31906803866e-09	0.129956693337	4.57295507987e-09	3.2714626958	3.4611679106e-08	3.26887773957	1.12374800198e-07	90.0	0.0	90.0	0.0
2	0.13	3.27	5000.0	0.130037256652	2.14757686068e-09	0.129945628227	3.85075440821e-09	3.27139271547	5.98384487382e-08	3.26859695547	9.22101329093e-08	90.0	0.0	90.0	0.0
2	0.13	3.27	5250.0	0.130035479604	2.0948972498e-09	0.129952092734	4.36577195095e-09	3.27130999964	6.27505451941e-08	3.26876321931	1.0278060629e-07	90.0	0.0	90.0	0.0
2	0.13	3.27	5500.0	0.130032469848	1.93786199354e-09	0.129975492598	4.45824566051e-09	3.27118333657	6.31109135464e-08	3.26936177118	1.02252304076e-07	90.0	0.0	90.0	0.0
2	0.13	3.27	5750.0	0.130028478368	2.23153539687e-09	0.130013655182	3.0051396873e-09	3.27102480264	6.56945592299e-08	3.2703372637	6.10196401668e-08	90.0	0.0	90.0	0.0
2	0.13	3.27	6000.0	0.130024419135	2.32727858931e-09	0.13004265867	7.86161205021e-08	3.27086772006	7.96824377451e-08	3.27107926068	1.96241215815e-06	90.0	0.0	90.0	0.0
2	0.13	3.27	6250.0	0.130021437987	1.99848133036e-09	0.130036414994	6.07356550529e-08	3.27075349445	6.57014013919e-08	3.27092142469	1.51744750478e-06	90.0	0.0	90.0	0.0
2	0.13	3.27	6500.0	0.130020365815	3.35550009365e-09	0.130033680906	8.44813719827e-08	3.27070906663	1.11592846817e-07	3.27085237964	2.13957526229e-06	90.0	0.0	90.0	0.0
2	0.13	3.27	6750.0	0.130019736939	1.86440800645e-09	0.13003203687	5.25758415393e-08	3.27068213224	6.65501988506e-08	3.27081084617	1.31400928234e-06	90.0	0.0	90.0	0.0
2	0.13	3.27	7000.0	0.130019867478	2.545586651e-09	0.130031735331	6.55395645405e-08	3.27068262846	8.68923442641e-08	3.27080329093	1.63043007029e-06	90.0	0.0	90.0	0.0
2	0.13	3.27	7250.0	0.130020478177	2.33936463121e-09	0.130032267463	6.24094716138e-08	3.27069994919	8.24699241561e-08	3.27081682142	1.55539668347e-06	90.0	0.0	90.0	0.0
2	0.13	3.27	7500.0	0.130021024168	2.86451258347e-09	0.130032766899	7.38081497976e-08	3.27071568483	1.01078648112e-07	3.27082952282	1.84207978853e-06	90.0	0.0	90.0	0.0
2	0.13	3.27	7750.0	0.130021359443	2.25408286223e-09	0.130033019931	5.97086932451e-08	3.27072472535	7.91606735093e-08	3.27083595454	1.48628522674e-06	90.0	0.0	90.0	0.0
2	0.13	3.27	8000.0	0.13002203975	2.56245733412e-09	0.130033899612	6.59495267161e-08	3.27074698609	8.81139980742e-08	3.27085826168	1.64864630355e-06	90.0	0.0	90.0	0.0
2	0.13	3.27	8500.0	0.130023045783	2.09883847209e-09	0.130035824916	5.62095982796e-08	3.27078831653	7.57654843328e-08	3.27090697224	1.40618681556e-06	90.0	0.0	90.0	0.0
2	0.13	3.27	8750.0	0.130026512776	3.74781614776e-09	0.130040461112	9.42585112593e-08	3.27090328914	1.26961261888e-07	3.27102450583	2.35196007971e-06	90.0	0.0	90.0	0.0
3	0.01	3.92	3500.0	0.0100009082665	1.43233406602e-10	0.0100017590855	3.77213933589e-09	3.91986849537	2.60109123467e-07	3.92074159543	1.10365072393e-06	90.0	0.0	90.0	0.0
3	0.01	3.92	3750.0	0.0100009580961	1.87049711586e-10	0.0100018303695	5.72360351727e-09	3.91985903482	3.35070990865e-07	3.92077240085	1.38064421023e-06	90.0	0.0	90.0	0.0
3	0.01	3.92	4000.0	0.010000994255	9.35513566613e-11	0.0100020037216	6.79396584624e-09	3.91985061456	1.11343824249e-07	3.92084680953	1.54791826028e-06	90.0	0.0	90.0	0.0
3	0.01	3.92	4250.0	0.0100011596189	5.80308768638e-10	0.0100024680576	1.37851205375e-08	3.91982792507	7.22406907018e-07	3.92104690204	8.25232819785e-06	90.0	0.0	90.0	0.0
3	0.01	3.92	4500.0	0.0100012459332	6.89349142036e-10	0.0100021822991	3.21950438689e-09	3.91981966835	8.50508547681e-07	3.92095834983	3.46720970494e-06	90.0	0.0	90.0	0.0
3	0.01	3.92	4750.0	0.0100011785273	4.69950758908e-10	0.0100014167858	1.83912124017e-09	3.91983341539	5.78871469528e-07	3.92067408146	1.11378908304e-06	90.0	0.0	90.0	0.0
3	0.01	3.92	5000.0	0.0100011406369	3.02248656303e-10	0.0100010531415	8.11046066707e-10	3.91984085025	4.58536814578e-07	3.92053822824	9.84331430815e-07	90.0	0.0	90.0	0.0
3	0.01	3.92	5250.0	0.0100010906615	4.57667524212e-10	0.010001011619	1.19944822241e-09	3.91984816796	5.88558264382e-07	3.92051388729	1.48192823513e-06	90.0	0.0	90.0	0.0
3	0.01	3.92	5500.0	0.0100010031328	2.81729906471e-10	0.0100012407493	5.7231620556e-10	3.91986001996	2.60456779962e-07	3.92057543634	8.05583759116e-07	90.0	0.0	90.0	0.0
3	0.01	3.92	5750.0	0.0100008809859	1.20375996304e-10	0.0100015034927	4.64611179636e-09	3.91987610834	7.15054016299e-08	3.92064320341	6.61077176407e-07	90.0	0.0	90.0	0.0
3	0.01	3.92	6000.0	0.0100007572944	1.34936165841e-10	0.0100012505071	4.42993582004e-09	3.91989225828	1.01739358539e-07	3.92053507048	1.03358014185e-06	90.0	0.0	90.0	0.0
3	0.01	3.92	6250.0	0.0100006639453	1.05178818322e-10	0.0100010652981	4.11259187418e-09	3.91990438137	9.94826723373e-08	3.92045703501	1.02133707852e-06	90.0	0.0	90.0	0.0
3	0.01	3.92	6500.0	0.0100006303699	1.0973038358e-10	0.010000984183	3.70901542013e-09	3.91990814559	9.27561554802e-08	3.92042297813	7.78482337163e-07	90.0	0.0	90.0	0.0
3	0.01	3.92	6750.0	0.0100006103305	1.6472314166e-10	0.0100009337573	3.64901218735e-09	3.91991041651	9.0064160421e-08	3.92040200498	9.01037798444e-07	90.0	0.0	90.0	0.0
3	0.01	3.92	7000.0	0.0100006140313	2.03192361536e-10	0.0100009240216	2.50633573782e-09	3.91990947533	1.56247058556e-07	3.9203982126	5.28054082232e-07	90.0	0.0	90.0	0.0
3	0.01	3.92	7250.0	0.0100006342943	2.47665920972e-10	0.0100009406765	3.0240545585e-09	3.91990629168	2.05996394365e-07	3.92040472381	3.70600900363e-07	90.0	0.0	90.0	0.0
3	0.01	3.92	7500.0	0.010000650879	3.10031352257e-10	0.0100009546418	2.20612320412e-09	3.91990371349	2.9184708925e-07	3.92041110927	1.95876844614e-07	90.0	0.0	90.0	0.0
3	0.01	3.92	7750.0	0.0100006613341	3.24728799583e-10	0.0100009609327	2.23435584641e-09	3.9199021706	3.18290618756e-07	3.9204140127	2.11433362517e-07	90.0	0.0	90.0	0.0
3	0.01	3.92	8000.0	0.0100006831848	3.08099751711e-10	0.0100009852646	3.21465966606e-09	3.91989933103	2.57382465931e-07	3.92042450311	3.58667932085e-07	90.0	0.0	90.0	0.0
3	0.01	3.92	8500.0	0.0100007177305	1.87312086641e-10	0.0100010285686	4.66666577095e-09	3.91989725616	4.43984012612e-07	3.92044440549	1.89585416969e-06	90.0	0.0	90.0	0.0
3	0.01	3.92	8750.0	0.0100008233301	1.93217994404e-10	0.0100011523651	2.86297010126e-09	3.91988109765	3.19969243661e-07	3.92050007422	8.72827067269e-07	90.0	0.0	90.0	0.0
4	0.07	3.92	3500.0	0.0700110912033	1.65023095275e-09	0.0700267473536	3.71419196145e-08	3.92066220356	1.62231609044e-07	3.92151773738	1.93086828143e-06	90.0	0.0	90.0	0.0
4	0.07	3.92	3750.0	0.0700116792402	2.16276531477e-09	0.0700279149774	4.70950648186e-08	3.92069250559	1.96922930337e-07	3.92158434696	2.45941739066e-06	90.0	0.0	90.0	0.0
4	0.07	3.92	4000.0	0.0700123090113	1.80212783882e-09	0.0700308002517	4.06232938939e-08	3.92075856187	1.64964871057e-07	3.92174746058	2.11819998398e-06	90.0	0.0	90.0	0.0
4	0.07	3.92	4250.0	0.0700146540003	2.03662595575e-09	0.0700384426395	4.83301749795e-08	3.92095121092	1.75966400647e-07	3.922180463	2.45425769533e-06	90.0	0.0	90.0	0.0
4	0.07	3.92	4500.0	0.0700157702281	1.91143437311e-09	0.0700157702296	1.917787339e-09	3.92102521008	1.68456703797e-07	3.92102521046	1.68556279904e-07	90.0	0.0	90.0	0.0
4	0.07	3.92	4750.0	0.070014778915	3.29343752943e-09	0.0699931932496	1.8206649492e-09	3.92094457338	3.06961830769e-07	3.91961497665	1.38856863612e-07	90.0	0.0	90.0	0.0
4	0.07	3.92	5000.0	0.0700141653122	2.30426826406e-09	0.0699881901311	4.28430614239e-09	3.92088730766	2.08839485194e-07	3.91933265348	2.70783291289e-07	90.0	0.0	90.0	0.0
4	0.07	3.92	5250.0	0.0700134147131	2.63643129788e-09	0.0699901122274	2.84024881654e-09	3.92081922962	2.43351631648e-07	3.91944300781	1.73874726956e-07	90.0	0.0	90.0	0.0
4	0.07	3.92	5500.0	0.0700121969826	2.85628957806e-09	0.0699984535651	6.63148178104e-10	3.92072420181	2.60973475125e-07	3.91991660327	2.94015070298e-08	90.0	0.0	90.0	0.0
4	0.07	3.92	5750.0	0.0700106259734	2.27529096384e-09	0.0700124433113	6.52527831735e-09	3.92061331874	2.2726029528e-07	3.92070920835	2.79365652422e-07	90.0	0.0	90.0	0.0
4	0.07	3.92	6000.0	0.0700090451253	2.261847452e-09	0.0700198463924	3.98034604027e-08	3.92050702448	2.19359654989e-07	3.92112808707	2.07511755026e-06	90.0	0.0	90.0	0.0
4	0.07	3.92	6250.0	0.0700078878896	1.67128284738e-09	0.070016925723	4.03371225407e-08	3.92043064914	2.45011516982e-07	3.92096245494	2.19114059099e-06	90.0	0.0	90.0	0.0
4	0.07	3.92	6500.0	0.0700074486181	1.31727651413e-09	0.0700156807183	2.29212796945e-08	3.9203970737	1.32343946386e-07	3.92089189521	1.19352033111e-06	90.0	0.0	90.0	0.0
4	0.07	3.92	6750.0	0.0700071834857	1.08047693672e-09	0.0700148789126	2.87289538417e-08	3.92037588109	1.61294546905e-07	3.92084659079	1.55191882541e-06	90.0	0.0	90.0	0.0
4	0.07	3.92	7000.0	0.0700072056038	1.90906410913e-09	0.070014748059	3.36236037833e-08	3.92037166783	2.36943890278e-07	3.92083930297	1.76747672182e-06	90.0	0.0	90.0	0.0
4	0.07	3.92	7250.0	0.0700074036698	1.95376021002e-09	0.0700149909094	3.58506992148e-08	3.92037714172	2.40529167383e-07	3.92085330916	1.85949866828e-06	90.0	0.0	90.0	0.0
4	0.07	3.92	7500.0	0.0700075846886	1.93939262443e-09	0.0700152333643	2.85217182049e-08	3.92038279137	1.99018882354e-07	3.92086719357	1.48492398018e-06	90.0	0.0	90.0	0.0
4	0.07	3.92	7750.0	0.0700076918847	1.87002339227e-09	0.0700153338652	3.57536415135e-08	3.92038537109	2.55596184953e-07	3.92087306213	1.913896099e-06	90.0	0.0	90.0	0.0
4	0.07	3.92	8000.0	0.070007932827	2.30268660666e-09	0.070015745152	3.35703801639e-08	3.92039630677	2.3893920352e-07	3.92089654433	1.72235431513e-06	90.0	0.0	90.0	0.0
4	0.07	3.92	8500.0	0.0700083452935	1.58379623909e-09	0.0700166008407	3.61873446812e-08	3.9204252986	2.37398093431e-07	3.92094529908	1.95360358429e-06	90.0	0.0	90.0	0.0
4	0.07	3.92	8750.0	0.0700095642391	2.420378279e-09	0.0700187655688	3.3080780575e-08	3.92048035005	2.36070297224e-07	3.92106886735	1.6917791383e-06	90.0	0.0	90.0	0.0
5	0.13	3.92	3500.0	0.130029502784	3.13992902845e-09	0.130057179126	1.04735315594e-07	3.92128536794	1.00145825453e-07	3.92173312903	3.15908265371e-06	90.0	0.0	90.0	0.0
5	0.13	3.92	3750.0	0.130031152931	2.45113130199e-09	0.130059744981	9.6172612344e-08	3.92135575588	7.5014629474e-08	3.92181103664	2.85435530306e-06	90.0	0.0	90.0	0.0
5	0.13	3.92	4000.0	0.130032580789	2.88053721402e-09	0.130065941597	1.09048569902e-07	3.92144957933	8.53537143929e-08	3.92199857639	3.23200498862e-06	90.0	0.0	90.0	0.0
5	0.13	3.92	4250.0	0.130038317823	2.28938333544e-09	0.130072726793	3.59086235286e-08	3.9217511909	6.12322666728e-08	3.92220114612	9.94379866721e-07	90.0	0.0	90.0	0.0
5	0.13	3.92	4500.0	0.130041183922	2.34630160381e-09	0.130041183921	2.34301697757e-09	3.92188387997	5.06558393202e-08	3.92188388005	5.07778631438e-08	90.0	0.0	90.0	0.0
5	0.13	3.92	4750.0	0.130038708564	2.19251805345e-09	0.129956467499	4.63667139703e-09	3.92175480996	6.11951957441e-08	3.91864698094	1.64425267293e-07	90.0	0.0	90.0	0.0
5	0.13	3.92	5000.0	0.130037249772	2.54271961919e-09	0.12994539523	6.68191062874e-09	3.92167107903	7.5287356657e-08	3.91831008345	2.32558252716e-07	90.0	0.0	90.0	0.0
5	0.13	3.92	5250.0	0.13003548012	1.5373705039e-09	0.129951877149	5.70098017054e-09	3.92157208079	3.85590331291e-08	3.91851003294	1.34309143449e-07	90.0	0.0	90.0	0.0
5	0.13	3.92	5500.0	0.130032474151	3.75590845945e-09	0.129975334576	2.5330061457e-09	3.92142019762	1.29276203912e-07	3.91922945854	7.48650842519e-08	90.0	0.0	90.0	0.0
5	0.13	3.92	5750.0	0.130028487123	3.59342208982e-09	0.130013589619	1.936168407e-09	3.92123007646	1.29159207023e-07	3.92040201811	4.56457478111e-08	90.0	0.0	90.0	0.0
5	0.13	3.92	6000.0	0.130024430968	2.6615541209e-09	0.130042699451	8.78857232171e-08	3.92104165235	9.64855986254e-08	3.92129506345	2.62484851569e-06	90.0	0.0	90.0	0.0
5	0.13	3.92	6250.0	0.130021450997	2.92884681528e-09	0.130036438442	8.03812100033e-08	3.92090459312	1.02127836247e-07	3.92110532922	2.46118646616e-06	90.0	0.0	90.0	0.0
5	0.13	3.92	6500.0	0.130020381666	2.75221918735e-09	0.130033736801	7.47068264991e-08	3.92085134635	1.07419808109e-07	3.92102352171	2.2827700698e-06	90.0	0.0	90.0	0.0
5	0.13	3.92	6750.0	0.130019752924	2.88711897622e-09	0.130032056926	6.74483221613e-08	3.9208190056	1.13989998155e-07	3.92097266553	2.06767061076e-06	90.0	0.0	90.0	0.0
5	0.13	3.92	7000.0	0.130019884186	1.60593516312e-09	0.130031739474	3.47522074488e-08	3.92081958199	1.34093344081e-07	3.92096312952	1.07763817755e-06	90.0	0.0	90.0	0.0
5	0.13	3.92	7250.0	0.130020497381	2.70158541058e-09	0.130032282243	5.16331350445e-08	3.92084044749	1.44283383509e-07	3.92097967283	1.58795974012e-06	90.0	0.0	90.0	0.0
5	0.13	3.92	7500.0	0.130021044872	2.15552745033e-09	0.130032783005	4.01144540163e-08	3.92085935041	1.73835425346e-07	3.92099493653	1.24790230903e-06	90.0	0.0	90.0	0.0
5	0.13	3.92	7750.0	0.130021380744	2.14522634889e-09	0.130033020465	3.78380783274e-08	3.92087020002	1.68690436846e-07	3.92100218389	1.17310096842e-06	90.0	0.0	90.0	0.0
5	0.13	3.92	8000.0	0.130022063347	3.55992005441e-09	0.130033927121	6.89338258574e-08	3.92089700448	1.32088516863e-07	3.92102973378	2.11376032942e-06	90.0	0.0	90.0	0.0
5	0.13	3.92	8500.0	0.130023067431	3.24511294942e-09	0.13003584953	8.56365158562e-08	3.92094657305	1.16698674606e-07	3.92108804332	2.5525244578e-06	90.0	0.0	90.0	0.0
5	0.13	3.92	8750.0	0.130026537826	3.14351273591e-09	0.130040474975	5.58525104386e-08	3.92108457503	2.49757615073e-07	3.92122861821	1.73029708291e-06	90.0	0.0	90.0	0.0
6	0.01	4.87	3500.0	0.010000915415	3.11610869841e-10	0.0100017692188	4.90978885055e-09	4.86983667822	5.98868057447e-07	4.8709255149	1.56134715022e-06	90.0	0.0	90.0	0.0
6	0.01	4.87	3750.0	0.0100009656864	4.8946445097e-10	0.0100018402597	5.4312306317e-09	4.86982486611	7.64948257539e-07	4.87096377069	1.54537943826e-06	90.0	0.0	90.0	0.0
6	0.01	4.87	4000.0	0.0100010014361	2.6617521367e-10	0.0100020156497	4.1948932008e-09	4.86981435714	4.50247224502e-07	4.87105690136	1.44843902087e-06	90.0	0.0	90.0	0.0
6	0.01	4.87	4250.0	0.0100011672721	9.40001595628e-10	0.0100024767697	4.32935449084e-09	4.86978626747	1.25372121362e-06	4.87130170304	1.43402278693e-06	90.0	0.0	90.0	0.0
6	0.01	4.87	4500.0	0.0100012542209	9.06660869848e-10	0.0100021868208	8.44095282937e-10	4.86977626143	1.54486310193e-06	4.87119143385	1.7523776247e-06	90.0	0.0	90.0	0.0
6	0.01	4.87	4750.0	0.0100011867455	1.03108277509e-09	0.0100014197468	1.0065362225e-09	4.86979346519	1.49398343266e-06	4.87083789772	9.86748296824e-07	90.0	0.0	90.0	0.0
6	0.01	4.87	5000.0	0.0100011486943	1.01357294371e-09	0.0100010553102	4.19542815622e-10	4.86980249412	1.44325319207e-06	4.87066844886	1.44893094019e-06	90.0	0.0	90.0	0.0
6	0.01	4.87	5250.0	0.0100010986573	7.27219705654e-10	0.0100010138843	3.66152454756e-10	4.86981151516	1.08122915119e-06	4.87063812712	6.68214315163e-07	90.0	0.0	90.0	0.0
6	0.01	4.87	5500.0	0.0100010108131	6.36492913575e-10	0.0100012438933	9.65556827226e-10	4.86982617668	8.02404230383e-07	4.87071559836	7.09620634489e-07	90.0	0.0	90.0	0.0
6	0.01	4.87	5750.0	0.010000887986	4.74247191584e-10	0.0100015119155	3.52821102494e-09	4.86984611216	5.88312340934e-07	4.87080286978	7.0490992839e-07	90.0	0.0	90.0	0.0
6	0.01	4.87	6000.0	0.0100007635649	5.22321577057e-10	0.010001257272	3.78226678257e-09	4.86986629332	6.39181244601e-07	4.87066771687	8.20161147304e-07	90.0	0.0	90.0	0.0
6	0.01	4.87	6250.0	0.0100006696385	4.72136669027e-10	0.0100010704532	4.15885399532e-09	4.86988134573	6.37348168686e-07	4.87057013633	8.55571247199e-07	90.0	0.0	90.0	0.0
6	0.01	4.87	6500.0	0.0100006358641	3.80891381702e-10	0.010000989676	2.95525237908e-09	4.86988600577	5.53996674221e-07	4.87052784308	5.7002230753e-07	90.0	0.0	90.0	0.0
6	0.01	4.87	6750.0	0.0100006158465	3.79508233905e-10	0.0100009382466	3.47070562243e-09	4.86988888061	3.82226220884e-07	4.87050143874	8.51551380875e-07	90.0	0.0	90.0	0.0
6	0.01	4.87	7000.0	0.0100006197134	3.29231313545e-10	0.010000928677	3.13613018661e-09	4.86988770744	3.15097862634e-07	4.87049690393	5.18156896821e-07	90.0	0.0	90.0	0.0
6	0.01	4.87	7250.0	0.0100006402928	3.22994885638e-10	0.0100009456789	2.74301235779e-09	4.86988380724	1.97114749217e-07	4.87050512839	3.7353045513e-07	90.0	0.0	90.0	0.0
6	0.01	4.87	7500.0	0.0100006571098	3.43936661751e-10	0.0100009601726	2.02405845398e-09	4.86988055815	2.71338335348e-07	4.87051314395	3.60442130643e-07	90.0	0.0	90.0	0.0
6	0.01	4.87	7750.0	0.0100006677545	3.58431484426e-10	0.0100009658891	2.91889450477e-09	4.86987881307	9.02971863407e-08	4.87051676075	3.83664160625e-07	90.0	0.0	90.0	0.0
6	0.01	4.87	8000.0	0.0100006897647	3.47289926883e-10	0.0100009909282	2.17368416626e-09	4.86987522495	2.33177532904e-07	4.8705298522	3.17010000679e-07	90.0	0.0	90.0	0.0
6	0.01	4.87	8500.0	0.0100007241603	2.9294026751e-10	0.0100010321082	4.46788588626e-09	4.86987240943	7.20097805062e-07	4.87055336464	1.08707744047e-06	90.0	0.0	90.0	0.0
6	0.01	4.87	8750.0	0.010000830713	1.96829848753e-10	0.0100011590607	4.07049730262e-09	4.86985238436	6.09047227897e-07	4.87062388661	1.21848659227e-06	90.0	0.0	90.0	0.0
7	0.07	4.87	3500.0	0.0700111186458	2.43289969231e-09	0.0700267545055	6.4751588714e-08	4.87082400701	3.14836642424e-07	4.87188614589	4.34050498362e-06	90.0	0.0	90.0	0.0
7	0.07	4.87	3750.0	0.0700117091713	2.04456551709e-09	0.0700279411805	5.34561192311e-08	4.87086179208	2.43516572393e-07	4.8719701557	3.56613933609e-06	90.0	0.0	90.0	0.0
7	0.07	4.87	4000.0	0.0700123348326	2.44451678406e-09	0.0700308182171	6.44627945979e-08	4.87094371687	3.13311415079e-07	4.87217227269	4.28078888198e-06	90.0	0.0	90.0	0.0
7	0.07	4.87	4250.0	0.0700146775079	1.94022715487e-09	0.070038478117	5.43789805261e-08	4.87118308907	2.39395219266e-07	4.87271138642	3.53129036261e-06	90.0	0.0	90.0	0.0
7	0.07	4.87	4500.0	0.0700157949382	2.09110334601e-09	0.0700157949397	2.09231448507e-09	4.87127509853	2.60074155489e-07	4.87127509895	2.59926951561e-07	90.0	0.0	90.0	0.0
7	0.07	4.87	4750.0	0.0700148057305	1.91130581921e-09	0.0699931378156	1.6411936629e-09	4.87117504637	2.696516127e-07	4.86951679653	1.16719662635e-07	90.0	0.0	90.0	0.0
7	0.07	4.87	5000.0	0.0700141929029	2.32457895739e-09	0.0699881326683	2.1293557855e-09	4.87110385095	2.97793550255e-07	4.86916582703	1.55837076628e-07	90.0	0.0	90.0	0.0
7	0.07	4.87	5250.0	0.0700134450023	1.36329239118e-09	0.0699900576802	5.13389451211e-09	4.87101940659	1.97176381348e-07	4.86930324628	2.90133078938e-07	90.0	0.0	90.0	0.0
7	0.07	4.87	5500.0	0.0700122264236	3.2017570353e-09	0.0699984154047	1.3260583422e-09	4.87090114662	3.72678750147e-07	4.8698929853	4.43927479182e-08	90.0	0.0	90.0	0.0
7	0.07	4.87	5750.0	0.0700106540352	2.8436052091e-09	0.0700124264648	5.21930417658e-09	4.87076323082	4.08737798694e-07	4.87087962755	2.95853281785e-07	90.0	0.0	90.0	0.0
7	0.07	4.87	6000.0	0.0700090716275	2.11345263097e-09	0.0700198662333	4.73611424235e-08	4.87063106346	2.65381193012e-07	4.87140287392	3.19116050086e-06	90.0	0.0	90.0	0.0
7	0.07	4.87	6250.0	0.0700079131537	2.11901386284e-09	0.070016949937	4.57401052221e-08	4.87053610077	2.87198256918e-07	4.87119736651	3.07393726577e-06	90.0	0.0	90.0	0.0
7	0.07	4.87	6500.0	0.0700074730331	1.86360672554e-09	0.0700156893015	4.19960018295e-08	4.87049424303	2.34625076823e-07	4.87110870095	2.80113006137e-06	90.0	0.0	90.0	0.0
7	0.07	4.87	6750.0	0.0700072093081	1.98365351851e-09	0.0700149047572	3.98758189657e-08	4.87046803969	2.79524209914e-07	4.87105353197	2.6822653151e-06	90.0	0.0	90.0	0.0
7	0.07	4.87	7000.0	0.0700072305646	6.36003882026e-10	0.0700147491234	3.15085494135e-08	4.8704625526	1.39472273686e-07	4.87104284365	2.21995513704e-06	90.0	0.0	90.0	0.0
7	0.07	4.87	7250.0	0.0700074309578	1.78279422098e-09	0.0700150018791	4.36418561886e-08	4.87046951267	3.42164804487e-07	4.87106089589	3.03858017288e-06	90.0	0.0	90.0	0.0
7	0.07	4.87	7500.0	0.0700076122559	1.06251494456e-09	0.0700152311724	3.59045237949e-08	4.87047641036	2.19861543903e-07	4.87107727873	2.4938695701e-06	90.0	0.0	90.0	0.0
7	0.07	4.87	7750.0	0.0700077207957	9.25082100656e-10	0.0700153389907	3.48067335612e-08	4.870479678	1.89980327047e-07	4.87108504813	2.42435467468e-06	90.0	0.0	90.0	0.0
7	0.07	4.87	8000.0	0.0700079636709	2.42041136393e-09	0.0700157602771	4.51692982492e-08	4.8704934291	3.12860034515e-07	4.87111488464	3.01618961504e-06	90.0	0.0	90.0	0.0
7	0.07	4.87	8500.0	0.070008377022	2.40346051981e-09	0.0700166316373	4.23375310273e-08	4.87052961878	3.35801822919e-07	4.87117648019	2.85008214111e-06	90.0	0.0	90.0	0.0
7	0.07	4.87	8750.0	0.0700095976504	5.54792383034e-10	0.0700187543053	4.48794274736e-08	4.87059764181	1.11749120955e-07	4.87132725224	3.17637709855e-06	90.0	0.0	90.0	0.0
8	0.13	4.87	3500.0	0.130029507133	1.41958500861e-09	0.130057238433	6.37870802348e-08	4.87159830688	7.32997757427e-08	4.87215536292	2.36620209793e-06	90.0	0.0	90.0	0.0
8	0.13	4.87	3750.0	0.130031157409	1.15874749775e-09	0.130059802886	4.88653369679e-08	4.87168581161	5.33714053379e-08	4.87225210372	1.80194491765e-06	90.0	0.0	90.0	0.0
8	0.13	4.87	4000.0	0.13003257699	1.37931488191e-09	0.130065992294	6.23141848617e-08	4.87180209938	5.96758953757e-08	4.87248482136	2.30465123091e-06	90.0	0.0	90.0	0.0
8	0.13	4.87	4250.0	0.130038300859	1.3133007255e-09	0.130072709414	2.27511390183e-08	4.87217648283	4.38702745784e-08	4.87273384996	7.81958462296e-07	90.0	0.0	90.0	0.0
8	0.13	4.87	4500.0	0.130041164861	1.12651552879e-09	0.130041164864	1.12537582686e-09	4.87234135609	5.01977811963e-08	4.87234135613	5.00325349505e-08	90.0	0.0	90.0	0.0
8	0.13	4.87	4750.0	0.130038695095	9.73460505405e-10	0.129956290489	4.6829075111e-08	4.87218116162	3.18129760791e-08	4.86831160497	1.77707261573e-06	90.0	0.0	90.0	0.0
8	0.13	4.87	5000.0	0.130037241498	1.37563685769e-09	0.129945224726	3.139259791e-08	4.87207732527	3.6517572164e-08	4.86789327287	1.08612134972e-06	90.0	0.0	90.0	0.0
8	0.13	4.87	5250.0	0.130035476152	1.38310549367e-09	0.129951722195	3.35783328934e-08	4.87195442322	4.7194199793e-08	4.86814226917	1.15939442839e-06	90.0	0.0	90.0	0.0
8	0.13	4.87	5500.0	0.130032476928	1.32994590434e-09	0.129975203032	2.71349325472e-08	4.8717658539	6.94579070262e-08	4.86903715163	1.04229587115e-06	90.0	0.0	90.0	0.0
8	0.13	4.87	5750.0	0.130028493238	1.47399705202e-09	0.130013538412	4.10626672598e-09	4.87152959962	7.54049954922e-08	4.87049721712	1.35835519714e-07	90.0	0.0	90.0	0.0
8	0.13	4.87	6000.0	0.130024439087	1.4171033093e-09	0.130042746626	5.39419912507e-08	4.87129538732	7.79351686786e-08	4.8716106801	2.0152764488e-06	90.0	0.0	90.0	0.0
8	0.13	4.87	6250.0	0.13002146078	1.24634504757e-09	0.130036489651	4.32717847328e-08	4.87112503069	6.69558379282e-08	4.87137511408	1.61588781995e-06	90.0	0.0	90.0	0.0
8	0.13	4.87	6500.0	0.130020392258	1.91468937105e-09	0.130033765779	6.50874910039e-08	4.87105883193	1.07642105292e-07	4.87127265345	2.43512720056e-06	90.0	0.0	90.0	0.0
8	0.13	4.87	6750.0	0.130019765255	1.19505451015e-09	0.130032103471	3.97126866991e-08	4.87101868769	6.67812304565e-08	4.87121012662	1.48333463193e-06	90.0	0.0	90.0	0.0
8	0.13	4.87	7000.0	0.130019898797	1.42740358773e-09	0.130031805743	4.32494617841e-08	4.87101950515	7.90714403127e-08	4.87119901218	1.61620369779e-06	90.0	0.0	90.0	0.0
8	0.13	4.87	7250.0	0.130020512825	1.45055184917e-09	0.130032337887	4.23851601653e-08	4.8710454319	8.51480702895e-08	4.87121916424	1.58954982513e-06	90.0	0.0	90.0	0.0
8	0.13	4.87	7500.0	0.130021061937	1.67920891139e-09	0.130032843506	4.75226821689e-08	4.87106899408	9.27216648472e-08	4.87123830864	1.76871250043e-06	90.0	0.0	90.0	0.0
8	0.13	4.87	7750.0	0.130021399186	1.35183792587e-09	0.130033090739	4.10435128932e-08	4.87108253673	7.86925318873e-08	4.87124767777	1.53448799756e-06	90.0	0.0	90.0	0.0
8	0.13	4.87	8000.0	0.130022081368	1.53032785704e-09	0.130033974291	4.62388974849e-08	4.87111580563	8.84022096651e-08	4.87128104409	1.72195818805e-06	90.0	0.0	90.0	0.0
8	0.13	4.87	8500.0	0.130023083893	1.38396125773e-09	0.130035898833	4.14301979243e-08	4.87117740317	8.51480268347e-08	4.87135356579	1.54513345161e-06	90.0	0.0	90.0	0.0
8	0.13	4.87	8750.0	0.130026558811	2.24983778527e-09	0.130040552516	6.60228941228e-08	4.87134915053	1.348966621e-07	4.87152926114	2.46530496773e-06	90.0	0.0	90.0	0.0
9	0.01	6.45	3500.0	0.0100009210747	7.26014986063e-10	0.0100017729097	5.81849785892e-09	6.44978415607	1.49332200983e-06	6.45122867894	1.35919847781e-06	90.0	0.0	90.0	0.0
9	0.01	6.45	3750.0	0.0100009716146	8.51723582529e-10	0.0100018436314	7.14400412714e-09	6.44976856164	1.54754757206e-06	6.45127959872	1.77711430604e-06	90.0	0.0	90.0	0.0
9	0.01	6.45	4000.0	0.0100010069134	3.5655519004e-10	0.0100020191901	6.9847878988e-09	6.44975400609	9.71610659214e-07	6.45140378038	1.4566314828e-06	90.0	0.0	90.0	0.0
9	0.01	6.45	4250.0	0.0100011731074	1.12953218352e-09	0.0100024855447	4.3667157769e-09	6.44971696534	2.19947982888e-06	6.45172930249	1.78084872345e-06	90.0	0.0	90.0	0.0
9	0.01	6.45	4500.0	0.0100012606294	1.86556285173e-09	0.0100021900326	1.03352908505e-09	6.44970414443	3.73888687545e-06	6.45157961914	2.13545632946e-06	90.0	0.0	90.0	0.0
9	0.01	6.45	4750.0	0.0100011927304	1.51869479892e-09	0.0100014213381	1.31560383201e-09	6.44972651752	2.90343889098e-06	6.45110972117	6.29499946126e-07	90.0	0.0	90.0	0.0
9	0.01	6.45	5000.0	0.0100011548113	1.32541392668e-09	0.0100010566163	1.02141555467e-09	6.44973864824	2.42572786539e-06	6.4508845753	5.36093629209e-07	90.0	0.0	90.0	0.0
9	0.01	6.45	5250.0	0.0100011051935	1.39013563081e-09	0.0100010144391	1.87780329e-09	6.44975125528	2.40183345999e-06	6.45084453587	4.12517984582e-07	90.0	0.0	90.0	0.0
9	0.01	6.45	5500.0	0.0100010164426	8.04747913175e-10	0.010001245763	7.44024548105e-10	6.44976966348	1.6135957299e-06	6.45094781826	5.83394471788e-07	90.0	0.0	90.0	0.0
9	0.01	6.45	5750.0	0.0100008932306	7.02232843608e-10	0.0100015168625	5.49601356765e-09	6.44979622456	1.3796566246e-06	6.4510665785	1.31522439686e-06	90.0	0.0	90.0	0.0
9	0.01	6.45	6000.0	0.0100007684269	6.30550628844e-10	0.0100012601757	6.27327201506e-09	6.44982311429	1.19454046442e-06	6.45088652799	1.77928514457e-06	90.0	0.0	90.0	0.0
9	0.01	6.45	6250.0	0.0100006740876	7.88591436685e-10	0.010001072809	6.41279727533e-09	6.44984310053	1.39041312288e-06	6.45075689653	1.83964197663e-06	90.0	0.0	90.0	0.0
9	0.01	6.45	6500.0	0.0100006402562	7.47200866447e-10	0.0100009909027	6.65617268929e-09	6.44984932197	1.28145111634e-06	6.45070046576	1.86197960186e-06	90.0	0.0	90.0	0.0
9	0.01	6.45	6750.0	0.010000620113	7.02816356513e-10	0.0100009398421	6.60354459874e-09	6.44985303486	1.08133594738e-06	6.45066552309	1.80805568075e-06	90.0	0.0	90.0	0.0
9	0.01	6.45	7000.0	0.0100006239582	6.71890666371e-10	0.0100009315692	4.60789919048e-09	6.44985139646	9.88066660038e-07	6.45065996244	9.39791647521e-07	90.0	0.0	90.0	0.0
9	0.01	6.45	7250.0	0.0100006447635	6.66361202617e-10	0.0100009482467	4.75695077216e-09	6.44984625413	6.90714407507e-07	6.45067094451	8.3577120552e-07	90.0	0.0	90.0	0.0
9	0.01	6.45	7500.0	0.0100006617141	6.77418319506e-10	0.0100009634022	3.62120339434e-09	6.44984198555	9.77319594089e-07	6.45068161982	7.75628153499e-07	90.0	0.0	90.0	0.0
9	0.01	6.45	7750.0	0.0100006724438	6.00274292273e-10	0.0100009697427	4.05828303602e-09	6.44983950001	8.36745077201e-07	6.45068643036	8.81230638731e-07	90.0	0.0	90.0	0.0
9	0.01	6.45	8000.0	0.0100006947433	6.66319722997e-10	0.010000992772	5.97021220174e-09	6.44983492198	7.77875163098e-07	6.45070362017	1.07291312806e-06	90.0	0.0	90.0	0.0
9	0.01	6.45	8500.0	0.0100007291185	4.9634249617e-10	0.0100010343269	6.76150623318e-09	6.44983112039	1.27999797135e-06	6.45073431288	2.31794964177e-06	90.0	0.0	90.0	0.0
9	0.01	6.45	8750.0	0.0100008363037	2.10578038273e-10	0.0100011628423	5.33256658271e-09	6.44980425202	9.99478196575e-07	6.45082835958	1.80008991087e-06	90.0	0.0	90.0	0.0
10	0.07	6.45	3500.0	0.0700111404697	9.813855818e-10	0.0700267851915	2.39924880761e-08	6.4510928087	1.35459688681e-07	6.45250081544	2.01928139431e-06	90.0	0.0	90.0	0.0
10	0.07	6.45	3750.0	0.0700117319957	8.81671703379e-10	0.0700279647972	2.29881836876e-08	6.45114284297	1.41667787325e-07	6.45261146346	1.92453911958e-06	90.0	0.0	90.0	0.0
10	0.07	6.45	4000.0	0.0700123548007	9.6433581207e-10	0.0700308449006	2.375738011e-08	6.4512512475	1.717257495e-07	6.4528794209	1.99888324483e-06	90.0	0.0	90.0	0.0
10	0.07	6.45	4250.0	0.0700146941402	1.73090206448e-09	0.070038473268	5.4233722519e-08	6.45156807115	2.48529062478e-07	6.45359065234	4.64747591225e-06	90.0	0.0	90.0	0.0
10	0.07	6.45	4500.0	0.0700158128187	1.31720803984e-09	0.070015812821	1.2914510066e-09	6.45169006008	1.90820922733e-07	6.45169006061	1.90212968457e-07	90.0	0.0	90.0	0.0
10	0.07	6.45	4750.0	0.0700148240443	1.81628489888e-09	0.0699930929506	1.57492779763e-08	6.45155755479	2.57722281461e-07	6.44935488923	1.4001312467e-06	90.0	0.0	90.0	0.0
10	0.07	6.45	5000.0	0.0700142129693	1.9040605477e-09	0.0699880922357	7.86418431336e-09	6.45146332821	3.3063066868e-07	6.44889041512	5.5178424809e-07	90.0	0.0	90.0	0.0
10	0.07	6.45	5250.0	0.0700134664143	9.63634608975e-10	0.0699900034259	1.58090033615e-08	6.45135152429	1.71509325304e-07	6.44907105944	1.47134279156e-06	90.0	0.0	90.0	0.0
10	0.07	6.45	5500.0	0.0700122493302	1.4657832643e-09	0.0699983786568	9.45073384451e-09	6.451194989	2.45056634299e-07	6.44985401789	9.42883497555e-07	90.0	0.0	90.0	0.0
10	0.07	6.45	5750.0	0.070010676008	1.40141413694e-09	0.0700124204729	6.25018564384e-09	6.45101222406	2.39626402306e-07	6.45116407785	4.08986890394e-07	90.0	0.0	90.0	0.0
10	0.07	6.45	6000.0	0.0700090918551	1.20056109427e-09	0.0700198822074	2.40834038309e-08	6.45083697406	1.8707761947e-07	6.45185945392	2.0371593514e-06	90.0	0.0	90.0	0.0
10	0.07	6.45	6250.0	0.0700079321844	1.17875466561e-09	0.0700169657856	2.0277391612e-08	6.45071108064	2.02603235057e-07	6.45158726028	1.711789959e-06	90.0	0.0	90.0	0.0
10	0.07	6.45	6500.0	0.0700074916153	1.73309702769e-09	0.0700156954402	3.06189001258e-08	6.45065549667	3.10952068134e-07	6.45146897184	2.60946851596e-06	90.0	0.0	90.0	0.0
10	0.07	6.45	6750.0	0.0700072286677	8.89536864768e-10	0.0700149203705	1.49864101587e-08	6.45062090462	1.39965765281e-07	6.45139672656	1.2598132648e-06	90.0	0.0	90.0	0.0
10	0.07	6.45	7000.0	0.0700072516656	1.12179656364e-09	0.0700147783267	1.91336024552e-08	6.45061383664	2.03354028025e-07	6.45138376998	1.6205121635e-06	90.0	0.0	90.0	0.0
10	0.07	6.45	7250.0	0.0700074525699	1.1001507862e-09	0.0700150245539	1.71491985177e-08	6.45062292366	2.0723924887e-07	6.4514070952	1.44799636749e-06	90.0	0.0	90.0	0.0
10	0.07	6.45	7500.0	0.0700076356529	1.01358660565e-09	0.0700152623384	1.58395387811e-08	6.4506322714	1.61426937341e-07	6.45142955273	1.33110100706e-06	90.0	0.0	90.0	0.0
10	0.07	6.45	7750.0	0.0700077453052	7.798372617e-10	0.070015375348	1.19873844357e-08	6.45063669993	1.02306023476e-07	6.45144028082	9.83092104053e-07	90.0	0.0	90.0	0.0
10	0.07	6.45	8000.0	0.0700079875304	1.31641844565e-09	0.0700157775029	2.00039362313e-08	6.45065462079	2.61929500034e-07	6.45147810987	1.71165622937e-06	90.0	0.0	90.0	0.0
10	0.07	6.45	8500.0	0.0700084006665	1.23009606494e-09	0.0700166467156	1.84275656671e-08	6.4507026198	2.04995555006e-07	6.45155952477	1.53885713347e-06	90.0	0.0	90.0	0.0
10	0.07	6.45	8750.0	0.0700096274953	1.72664842824e-09	0.0700187956199	2.35603379251e-08	6.45079331194	3.09647472203e-07	6.45176150106	1.98254788978e-06	90.0	0.0	90.0	0.0
11	0.13	6.45	3500.0	0.130029509858	1.93818346059e-09	0.130057298897	6.41905971031e-08	6.45211838966	9.91912727414e-08	6.45285768568	3.10358365597e-06	90.0	0.0	90.0	0.0
11	0.13	6.45	3750.0	0.130031160284	1.79071765136e-09	0.130059858176	6.07396184964e-08	6.45223434751	9.74878581674e-08	6.45298555485	2.94147179332e-06	90.0	0.0	90.0	0.0
11	0.13	6.45	4000.0	0.130032572653	3.22164091651e-09	0.130066024276	1.1897108323e-07	6.45238805643	1.64027662094e-07	6.45329267529	5.76932911072e-06	90.0	0.0	90.0	0.0
11	0.13	6.45	4250.0	0.13003828791	1.65903006399e-09	0.130072709067	2.47442000158e-08	6.45288362003	8.08401365656e-08	6.45362071821	1.10982148499e-06	90.0	0.0	90.0	0.0
11	0.13	6.45	4500.0	0.130041150928	1.7114458184e-09	0.130041150926	1.71557880162e-09	6.45310206402	8.73478227508e-08	6.45310206417	8.74304995338e-08	90.0	0.0	90.0	0.0
11	0.13	6.45	4750.0	0.130038684384	2.01736212901e-09	0.129956170979	6.11545012743e-09	6.4528900259	9.09234555156e-08	6.44775694568	2.83288767862e-07	90.0	0.0	90.0	0.0
11	0.13	6.45	5000.0	0.13003723487	2.39125909214e-09	0.129945076693	6.81994558553e-09	6.4527526523	1.18350410182e-07	6.44720145546	4.1876675103e-07	90.0	0.0	90.0	0.0
11	0.13	6.45	5250.0	0.130035473522	2.3653636289e-09	0.129951589573	4.92984589271e-09	6.45259003516	1.16849079707e-07	6.44753202539	2.77142595656e-07	90.0	0.0	90.0	0.0
11	0.13	6.45	5500.0	0.13003247787	2.18646680241e-09	0.129975126433	4.29759311804e-09	6.45234032812	1.1985894231e-07	6.44872028422	2.16041679796e-07	90.0	0.0	90.0	0.0
11	0.13	6.45	5750.0	0.130028497304	1.68051206277e-09	0.130013497602	1.53713940316e-09	6.45202737169	9.37878207806e-08	6.4506562116	5.41758294796e-08	90.0	0.0	90.0	0.0
11	0.13	6.45	6000.0	0.130024443352	3.4578752518e-09	0.130042743719	8.6706365451e-08	6.45171695764	2.23083506287e-07	6.45213318112	4.3309758607e-06	90.0	0.0	90.0	0.0
11	0.13	6.45	6250.0	0.130021467192	2.14048861915e-09	0.130036509007	5.5984534801e-08	6.45149127664	1.26721992956e-07	6.45182225189	2.7162581828e-06	90.0	0.0	90.0	0.0
11	0.13	6.45	6500.0	0.130020399349	2.92115004139e-09	0.130033774017	5.54674720825e-08	6.4514035656	1.98763055812e-07	6.45168601893	2.77269720222e-06	90.0	0.0	90.0	0.0
11	0.13	6.45	6750.0	0.13001977297	3.09919587727e-09	0.130032101762	6.19415640553e-08	6.45135036821	1.78906829e-07	6.4516027073	3.07896238673e-06	90.0	0.0	90.0	0.0
11	0.13	6.45	7000.0	0.130019908133	2.4136780036e-09	0.130031821979	5.40784537678e-08	6.45135152034	1.49293493453e-07	6.45158886212	2.62766188868e-06	90.0	0.0	90.0	0.0
11	0.13	6.45	7250.0	0.130020522478	3.34317883597e-09	0.130032335348	5.57842950641e-08	6.45138588139	2.16656492037e-07	6.45161464402	2.78555723144e-06	90.0	0.0	90.0	0.0
11	0.13	6.45	7500.0	0.130021074137	1.83911218707e-09	0.130032878545	3.86733305505e-08	6.45141723578	1.12244858376e-07	6.45164182463	1.87364473689e-06	90.0	0.0	90.0	0.0
11	0.13	6.45	7750.0	0.130021410564	3.59799505329e-09	0.13003308902	6.16679083544e-08	6.45143511319	2.23109292125e-07	6.45165244827	3.06531275608e-06	90.0	0.0	90.0	0.0
11	0.13	6.45	8000.0	0.130022093361	4.04339168794e-09	0.130033975225	6.42904923725e-08	6.45147923288	2.42124455123e-07	6.45169677306	3.1918450252e-06	90.0	0.0	90.0	0.0
11	0.13	6.45	8500.0	0.130023095187	3.05889513466e-09	0.130035909417	6.39113419826e-08	6.45156086093	1.8993345771e-07	6.45179328857	3.09358319025e-06	90.0	0.0	90.0	0.0
11	0.13	6.45	8750.0	0.13002657367	2.80246038915e-09	0.130040595308	5.55282795591e-08	6.45178863614	1.80388929392e-07	6.45202756945	2.68876019791e-06	90.0	0.0	90.0	0.0
12	0.01	9.52	3500.0	0.010000925042	1.04824611997e-09	0.0100017770724	7.04318610074e-09	9.51968210642	3.19829089688e-06	9.52181677557	2.97983334132e-06	90.0	0.0	90.0	0.0
12	0.01	9.52	3750.0	0.010000975648	9.6626675421e-10	0.0100018488121	7.41531408976e-09	9.51965859192	3.07885570971e-06	9.5218921448	3.15889433624e-06	90.0	0.0	90.0	0.0
12	0.01	9.52	4000.0	0.0100010107831	3.55001185715e-10	0.010002024859	7.31061985875e-09	9.51963665531	1.00724748605e-06	9.5220747538	3.80278931956e-06	90.0	0.0	90.0	0.0
12	0.01	9.52	4250.0	0.0100011775583	1.7870746873e-09	0.01000248636	1.33002583491e-08	9.51958333691	5.07843225082e-06	9.52255531076	5.18438891999e-06	90.0	0.0	90.0	0.0
12	0.01	9.52	4500.0	0.0100012651065	1.90263196984e-09	0.0100021920763	1.67111544749e-09	9.5195639331	5.42255512446e-06	9.52233159626	1.67049355211e-06	90.0	0.0	90.0	0.0
12	0.01	9.52	4750.0	0.0100011973355	2.27504817638e-09	0.0100014225486	1.56819858526e-09	9.51959755881	6.63941667559e-06	9.52163705041	1.84457446833e-06	90.0	0.0	90.0	0.0
12	0.01	9.52	5000.0	0.0100011594226	2.12835648878e-09	0.0100010571739	1.55938515367e-09	9.519615362	6.02004796594e-06	9.5213040002	1.84187592015e-06	90.0	0.0	90.0	0.0
12	0.01	9.52	5250.0	0.0100011087842	1.15975123871e-09	0.0100010159813	6.69688625288e-10	9.51963139264	3.20683711412e-06	9.52124508918	1.64747922638e-06	90.0	0.0	90.0	0.0
12	0.01	9.52	5500.0	0.0100010207881	1.28021825974e-09	0.0100012460737	2.05520816698e-09	9.51966098912	3.8088947838e-06	9.52139847162	1.19124111357e-06	90.0	0.0	90.0	0.0
12	0.01	9.52	5750.0	0.0100008971481	1.1852855659e-09	0.0100015182721	9.30843817359e-09	9.5196999019	3.35314919472e-06	9.52157609569	4.02477437046e-06	90.0	0.0	90.0	0.0
12	0.01	9.52	6000.0	0.0100007717556	9.22532091652e-10	0.0100012633173	7.3503219451e-09	9.51973910125	2.47536445433e-06	9.52131097552	2.86816064492e-06	90.0	0.0	90.0	0.0
12	0.01	9.52	6250.0	0.0100006770941	7.94042385444e-10	0.0100010756172	6.37498547451e-09	9.51976855343	2.15738524349e-06	9.52111928436	2.70801836498e-06	90.0	0.0	90.0	0.0
12	0.01	9.52	6500.0	0.0100006434105	1.14390108592e-09	0.0100009921502	8.76584837044e-09	9.5197780762	2.87219518976e-06	9.52103529869	3.64965012151e-06	90.0	0.0	90.0	0.0
12	0.01	9.52	6750.0	0.0100006229965	6.61080781184e-10	0.0100009439487	4.24091204068e-09	9.51978305401	1.64051601497e-06	9.52098517685	1.25508346425e-06	90.0	0.0	90.0	0.0
12	0.01	9.52	7000.0	0.0100006271049	7.83651246894e-10	0.0100009328434	5.72616801122e-09	9.51978101267	1.98831458075e-06	9.52097540965	2.37249283517e-06	90.0	0.0	90.0	0.0
12	0.01	9.52	7250.0	0.0100006479592	8.48598784509e-10	0.0100009506674	4.82311257626e-09	9.51977326772	2.57250070491e-06	9.52099198565	1.73938433068e-06	90.0	0.0	90.0	0.0
12	0.01	9.52	7500.0	0.0100006649731	7.21694027739e-10	0.0100009654123	4.4280047133e-09	9.51976675943	1.60858536055e-06	9.52100771829	2.0226538013e-06	90.0	0.0	90.0	0.0
12	0.01	9.52	7750.0	0.0100006756819	8.1026766543e-10	0.0100009732439	2.66007846697e-09	9.51976271736	2.14288611747e-06	9.52101507327	1.57900102255e-06	90.0	0.0	90.0	0.0
12	0.01	9.52	8000.0	0.0100006981743	8.31647611177e-10	0.0100009953164	6.22479501391e-09	9.51975638629	1.74891138818e-06	9.52104046885	2.09896498098e-06	90.0	0.0	90.0	0.0
12	0.01	9.52	8500.0	0.0100007324398	3.01734111496e-10	0.0100010383153	7.31189420484e-09	9.51975038001	1.85496949806e-06	9.52108634514	3.3885481761e-06	90.0	0.0	90.0	0.0
12	0.01	9.52	8750.0	0.010000840573	5.64444130902e-10	0.0100011640771	8.3906057887e-09	9.51971106421	1.35004940631e-06	9.52122416616	3.92904569457e-06	90.0	0.0	90.0	0.0
13	0.07	9.52	3500.0	0.0700111541614	5.15813391799e-10	0.0700267727948	1.07218950622e-08	9.52161405873	1.34553281298e-07	9.52368954141	1.33214757276e-06	90.0	0.0	90.0	0.0
13	0.07	9.52	3750.0	0.0700117464476	5.08961353662e-10	0.0700279505925	1.38819920743e-08	9.5216879381	1.51555585174e-07	9.52385279942	1.97578075121e-06	90.0	0.0	90.0	0.0
13	0.07	9.52	4000.0	0.0700123671586	3.14920186328e-10	0.0700308227149	8.45911711698e-09	9.52184781969	1.05550001662e-07	9.52424705593	1.06732760098e-06	90.0	0.0	90.0	0.0
13	0.07	9.52	4250.0	0.0700147048896	4.6138307761e-10	0.0700384998378	5.89283488457e-08	9.52231536882	1.05926008489e-07	9.52530358006	7.80594141506e-06	90.0	0.0	90.0	0.0
13	0.07	9.52	4500.0	0.0700158238206	8.60825067028e-10	0.0700158238291	8.73249529953e-10	9.52249540226	2.51590559306e-07	9.52249540295	2.52485070598e-07	90.0	0.0	90.0	0.0
13	0.07	9.52	4750.0	0.0700148359854	6.89413501287e-10	0.0699930558912	6.0268434048e-09	9.52229994248	2.41645854711e-07	9.51904154605	9.23794184799e-07	90.0	0.0	90.0	0.0
13	0.07	9.52	5000.0	0.0700142260591	4.8651956257e-10	0.0699880448815	1.06125658129e-08	9.52216099845	1.52186847047e-07	9.51835448136	1.51930851557e-06	90.0	0.0	90.0	0.0
13	0.07	9.52	5250.0	0.0700134799698	7.05907411191e-10	0.0699899798109	9.01392135133e-09	9.52199587754	2.02271205844e-07	9.51862455772	1.3079969754e-06	90.0	0.0	90.0	0.0
13	0.07	9.52	5500.0	0.0700122637312	5.8476881537e-10	0.0699983594497	1.81839459843e-09	9.5217649298	1.93686074136e-07	9.51978108352	3.0012033043e-07	90.0	0.0	90.0	0.0
13	0.07	9.52	5750.0	0.0700106898927	4.55470750382e-10	0.0700124093969	3.77691969746e-09	9.52149504599	1.40312602718e-07	9.52171636737	4.22441726167e-07	90.0	0.0	90.0	0.0
13	0.07	9.52	6000.0	0.0700091049239	2.69796944119e-10	0.0700198787227	1.02620814615e-08	9.52123626931	9.42571580691e-08	9.52274410782	1.38881986962e-06	90.0	0.0	90.0	0.0
13	0.07	9.52	6250.0	0.0700079445022	4.42167808368e-10	0.0700169631082	1.28895980977e-08	9.52105038803	1.45522694469e-07	9.52234247182	1.65140710935e-06	90.0	0.0	90.0	0.0
13	0.07	9.52	6500.0	0.0700075043408	2.96574178482e-10	0.0700156972081	1.02357415737e-08	9.52096838734	1.04134103401e-07	9.52216841702	1.35904269879e-06	90.0	0.0	90.0	0.0
13	0.07	9.52	6750.0	0.0700072411218	3.53174930234e-10	0.0700149171195	9.37712348583e-09	9.52091718916	1.48518846411e-07	9.52206117419	1.1917645258e-06	90.0	0.0	90.0	0.0
13	0.07	9.52	7000.0	0.0700072647202	3.79141995199e-10	0.0700147756872	9.29765248485e-09	9.52090680029	1.30418013404e-07	9.52204211996	1.24624714908e-06	90.0	0.0	90.0	0.0
13	0.07	9.52	7250.0	0.0700074663746	2.82458762646e-10	0.0700150215279	9.12801598347e-09	9.52092024096	8.53102016134e-08	9.52207651024	1.20320228338e-06	90.0	0.0	90.0	0.0
13	0.07	9.52	7500.0	0.0700076500183	6.50200611085e-10	0.0700152580108	1.2125905132e-08	9.52093403122	2.46805810111e-07	9.52210953781	1.62853047753e-06	90.0	0.0	90.0	0.0
13	0.07	9.52	7750.0	0.0700077598947	3.47024259795e-10	0.0700153656068	8.18111593204e-09	9.52094049196	1.30486594359e-07	9.52212464835	1.0730747906e-06	90.0	0.0	90.0	0.0
13	0.07	9.52	8000.0	0.0700080030523	2.89957520727e-10	0.0700157742829	7.71263341999e-09	9.52096708562	6.78204700671e-08	9.52218133364	1.01715521453e-06	90.0	0.0	90.0	0.0
13	0.07	9.52	8500.0	0.0700084158743	5.3189480993e-10	0.0700166395421	1.30362958756e-08	9.52103788374	1.49270729701e-07	9.52230104364	1.80227331378e-06	90.0	0.0	90.0	0.0
13	0.07	9.52	8750.0	0.0700096454833	6.35148940975e-10	0.0700187927101	1.48816718144e-08	9.52117194254	2.01772848623e-07	9.52259965281	2.01466887179e-06	90.0	0.0	90.0	0.0
14	0.13	9.52	3500.0	0.130029510603	1.67284211896e-09	0.130057318192	7.16914476006e-08	9.52312809927	1.4491487714e-07	9.52421929329	5.1875143277e-06	90.0	0.0	90.0	0.0
14	0.13	9.52	3750.0	0.130031161183	1.59154848374e-09	0.13005988363	6.64153807042e-08	9.52329931074	1.47645712267e-07	9.52440847287	4.80282131514e-06	90.0	0.0	90.0	0.0
14	0.13	9.52	4000.0	0.130032569868	1.95673505592e-09	0.130066081247	8.70235875916e-08	9.52352593957	1.63068534114e-07	9.52486401775	6.28037987447e-06	90.0	0.0	90.0	0.0
14	0.13	9.52	4250.0	0.130038276393	2.18788336435e-09	0.130072688824	3.93719545026e-08	9.5242569107	1.77467961565e-07	9.52534255146	2.69679950259e-06	90.0	0.0	90.0	0.0
14	0.13	9.52	4500.0	0.130041138743	1.69435720268e-09	0.130041138739	1.7009308994e-09	9.5245794012	1.28705338341e-07	9.5245794014	1.2868692929e-07	90.0	0.0	90.0	0.0
14	0.13	9.52	4750.0	0.130038675488	1.46692592906e-09	0.129956087048	8.71738700645e-09	9.52426660582	1.40521521736e-07	9.51668230061	5.78858600311e-07	90.0	0.0	90.0	0.0
14	0.13	9.52	5000.0	0.130037228412	2.37295900816e-09	0.129944991552	3.20933167475e-09	9.52406401146	1.99316151645e-07	9.51586216218	2.11166406269e-07	90.0	0.0	90.0	0.0
14	0.13	9.52	5250.0	0.13003547044	1.94564600631e-09	0.129951512431	5.93193951626e-09	9.52382418716	1.70265374553e-07	9.51635079572	4.04547593348e-07	90.0	0.0	90.0	0.0
14	0.13	9.52	5500.0	0.130032478053	1.32795949144e-09	0.129975051844	2.94069227538e-08	9.52345575228	1.20597934656e-07	9.51810508121	2.0793969888e-06	90.0	0.0	90.0	0.0
14	0.13	9.52	5750.0	0.130028499019	1.74163458688e-09	0.130013469598	4.35487104105e-09	9.52299373248	1.82661959223e-07	9.5209661655	2.37826270427e-07	90.0	0.0	90.0	0.0
14	0.13	9.52	6000.0	0.13002444773	2.31499881125e-09	0.130042795817	8.12024595626e-08	9.52253556992	2.3922501851e-07	9.52315228552	5.905987646e-06	90.0	0.0	90.0	0.0
14	0.13	9.52	6250.0	0.130021471138	2.17835309251e-09	0.130036522076	7.34695394812e-08	9.52220226214	2.35928148542e-07	9.52269055686	5.35900364073e-06	90.0	0.0	90.0	0.0
14	0.13	9.52	6500.0	0.130020405338	1.9841766226e-09	0.130033818801	6.19355399636e-08	9.52207289491	2.18407282262e-07	9.52249175917	4.51765794566e-06	90.0	0.0	90.0	0.0
14	0.13	9.52	6750.0	0.130019779316	1.61232944402e-09	0.130032138667	4.9452095982e-08	9.52199434487	1.77390319617e-07	9.52236822422	3.59231127614e-06	90.0	0.0	90.0	0.0
14	0.13	9.52	7000.0	0.130019914197	2.59046694115e-09	0.130031832962	7.44328704001e-08	9.52199600601	2.7404332077e-07	9.52234592578	5.42203845827e-06	90.0	0.0	90.0	0.0
14	0.13	9.52	7250.0	0.130020530052	2.74354830081e-09	0.130032364562	7.2404966522e-08	9.5220468342	2.77567287048e-07	9.52238527819	5.25514368075e-06	90.0	0.0	90.0	0.0
14	0.13	9.52	7500.0	0.13002108205	1.29514911222e-09	0.130032902473	3.62175754231e-08	9.52209316451	1.45876081077e-07	9.52242505093	2.65805950507e-06	90.0	0.0	90.0	0.0
14	0.13	9.52	7750.0	0.130021420019	1.78718200758e-09	0.130033135627	4.90081129464e-08	9.52211966525	2.01262275326e-07	9.52244233999	3.59086377699e-06	90.0	0.0	90.0	0.0
14	0.13	9.52	8000.0	0.130022103354	1.6605332064e-09	0.130034025003	4.67695365487e-08	9.52218484563	1.87861897026e-07	9.52250799016	3.42867141886e-06	90.0	0.0	90.0	0.0
14	0.13	9.52	8500.0	0.130023103703	1.67972115177e-09	0.13003594796	4.86965208412e-08	9.52230529878	1.91720102128e-07	9.52264965326	3.55707063761e-06	90.0	0.0	90.0	0.0
14	0.13	9.52	8750.0	0.130026582773	2.58960327622e-09	0.13004061115	7.37937058369e-08	9.52264162048	2.83979671502e-07	9.52299381452	5.38319161715e-06	90.0	0.0	90.0	0.0
15	0.01	18.18	3500.0	0.0100009278196	1.68859120633e-09	0.010001776326	1.06221655466e-08	18.1793956971	9.90838190358e-06	18.1834706428	9.0502372904e-06	90.0	0.0	90.0	0.0
15	0.01	18.18	3750.0	0.0100009784545	1.58282393705e-09	0.0100018503177	9.12256536392e-09	18.1793504762	9.20784310608e-06	18.1836168788	6.68149517545e-06	90.0	0.0	90.0	0.0
15	0.01	18.18	4000.0	0.0100010132654	5.58609331058e-10	0.0100020273145	6.99283050078e-09	18.1793067278	2.45868003314e-06	18.183966399	6.78002431824e-06	90.0	0.0	90.0	0.0
15	0.01	18.18	4250.0	0.0100011794107	1.23246995016e-09	0.0100024947381	8.65928953175e-09	18.1792015371	7.42674070974e-06	18.1848898759	8.00950330997e-06	90.0	0.0	90.0	0.0
15	0.01	18.18	4500.0	0.0100012679039	2.40830425302e-09	0.0100021927515	2.56318454428e-09	18.1791685348	1.45775226739e-05	18.1844526112	4.7617199316e-06	90.0	0.0	90.0	0.0
15	0.01	18.18	4750.0	0.0100011992387	1.519295595e-09	0.0100014235802	1.11062801142e-09	18.1792284603	9.24604026837e-06	18.1831251189	3.89863761872e-06	90.0	0.0	90.0	0.0
15	0.01	18.18	5000.0	0.0100011618383	1.99794933777e-09	0.0100010578342	1.10645272557e-09	18.1792649829	1.13386534028e-05	18.1824889427	2.72975916103e-06	90.0	0.0	90.0	0.0
15	0.01	18.18	5250.0	0.0100011118239	1.9580573011e-09	0.0100010162727	1.03138498375e-09	18.1792987095	1.06547172299e-05	18.1823769637	3.17110280227e-06	90.0	0.0	90.0	0.0
15	0.01	18.18	5500.0	0.0100010235646	1.96589859525e-09	0.0100012460249	3.20205052007e-09	18.1793544178	1.07258333954e-05	18.1826705171	2.62354726315e-06	90.0	0.0	90.0	0.0
15	0.01	18.18	5750.0	0.0100008990587	8.47597183373e-10	0.0100015243694	4.15627913146e-09	18.1794252496	4.66758345157e-06	18.1830161975	3.55048665262e-06	90.0	0.0	90.0	0.0
15	0.01	18.18	6000.0	0.0100007738298	1.0592671891e-09	0.0100012645663	7.86427649029e-09	18.1795022537	5.97676093168e-06	18.1825059154	6.35105037629e-06	90.0	0.0	90.0	0.0
15	0.01	18.18	6250.0	0.0100006790648	1.19200345368e-09	0.0100010758601	8.6023133236e-09	18.1795588092	6.83186338741e-06	18.1821385934	6.72394361162e-06	90.0	0.0	90.0	0.0
15	0.01	18.18	6500.0	0.0100006449768	9.69152715213e-10	0.0100009965148	4.61812655037e-09	18.1795753868	4.91555561328e-06	18.1819821897	2.57460475664e-06	90.0	0.0	90.0	0.0
15	0.01	18.18	6750.0	0.0100006249304	9.77719079698e-10	0.0100009440108	5.8517294538e-09	18.1795866035	5.64057585881e-06	18.1818821039	4.27116222007e-06	90.0	0.0	90.0	0.0
15	0.01	18.18	7000.0	0.0100006288943	1.09415089089e-09	0.0100009350817	4.95473349995e-09	18.1795815547	6.06128583587e-06	18.1818655388	3.43622704221e-06	90.0	0.0	90.0	0.0
15	0.01	18.18	7250.0	0.0100006497217	7.8592077466e-10	0.0100009531424	3.36396736793e-09	18.1795662425	4.34172760726e-06	18.1818968209	3.01089976193e-06	90.0	0.0	90.0	0.0
15	0.01	18.18	7500.0	0.0100006670433	1.00695513374e-09	0.0100009658754	5.71136456042e-09	18.1795550295	5.33785159982e-06	18.1819260553	4.76920319474e-06	90.0	0.0	90.0	0.0
15	0.01	18.18	7750.0	0.0100006779459	9.07096241254e-10	0.010000972559	5.46439292928e-09	18.1795481841	4.29959878275e-06	18.1819396319	4.75629281979e-06	90.0	0.0	90.0	0.0
15	0.01	18.18	8000.0	0.0100007005323	1.24899480518e-09	0.0100009950429	8.48759764938e-09	18.1795358086	4.63921349067e-06	18.1819874465	6.93805775587e-06	90.0	0.0	90.0	0.0
15	0.01	18.18	8500.0	0.0100007349526	8.17813499587e-10	0.0100010367277	8.84007401014e-09	18.1795234947	2.85586302008e-06	18.1820741341	8.91932835319e-06	90.0	0.0	90.0	0.0
15	0.01	18.18	8750.0	0.0100008431149	7.11074586679e-10	0.0100011652023	8.5989728974e-09	18.1794480252	2.29528246162e-06	18.1823399515	8.94142991922e-06	90.0	0.0	90.0	0.0
16	0.07	18.18	3500.0	0.0700111633899	1.0612045507e-09	0.07002679348	3.58087769812e-08	18.1830842422	5.23131243432e-07	18.1870511153	8.96854689801e-06	90.0	0.0	90.0	0.0
16	0.07	18.18	3750.0	0.0700117563182	1.04622168409e-09	0.0700279707241	3.9318180126e-08	18.1832254963	4.7612752332e-07	18.1873624253	9.80694371474e-06	90.0	0.0	90.0	0.0
16	0.07	18.18	4000.0	0.0700123756997	1.16070806819e-09	0.07003084901	3.66827970116e-08	18.1835306548	5.85873719194e-07	18.1881172793	8.74312987868e-06	90.0	0.0	90.0	0.0
16	0.07	18.18	4250.0	0.0700147131103	8.00293956704e-10	0.0700385126988	2.1843905993e-08	18.1844238399	4.31308962744e-07	18.1901307232	5.20222751226e-06	90.0	0.0	90.0	0.0
16	0.07	18.18	4500.0	0.0700158323349	9.08686787149e-10	0.0700158323229	9.30911633246e-10	18.1847677429	4.56203313387e-07	18.1847677432	4.5777079003e-07	90.0	0.0	90.0	0.0
16	0.07	18.18	4750.0	0.0700148451141	6.7007132416e-10	0.0699930287154	9.37419752662e-09	18.1843946048	3.50024156754e-07	18.1781612952	2.65222027547e-06	90.0	0.0	90.0	0.0
16	0.07	18.18	5000.0	0.0700142357184	8.06796380903e-10	0.0699880158532	1.66459898277e-08	18.1841293161	3.60220442486e-07	18.1768486951	4.55965509279e-06	90.0	0.0	90.0	0.0
16	0.07	18.18	5250.0	0.0700134895972	1.36343361941e-09	0.0699899621311	2.41341123368e-08	18.1838136665	6.9879306384e-07	18.1773675713	6.59631849081e-06	90.0	0.0	90.0	0.0
16	0.07	18.18	5500.0	0.0700122738069	1.13473672358e-09	0.0699983435274	6.11633370917e-09	18.183372625	6.51202798203e-07	18.1795767898	1.68114141658e-06	90.0	0.0	90.0	0.0
16	0.07	18.18	5750.0	0.0700106996765	9.73896699819e-10	0.0700124084049	7.20718269065e-09	18.1828571582	4.76514916632e-07	18.1832768847	1.67801929169e-06	90.0	0.0	90.0	0.0
16	0.07	18.18	6000.0	0.0700091137962	1.03755079754e-09	0.0700198939333	3.07268477088e-08	18.1823625346	6.20460474316e-07	18.1852441594	7.75807000978e-06	90.0	0.0	90.0	0.0
16	0.07	18.18	6250.0	0.0700079528476	8.7703602667e-10	0.0700169755679	2.69184415233e-08	18.1820073931	4.89023916339e-07	18.1844764485	6.81488849959e-06	90.0	0.0	90.0	0.0
16	0.07	18.18	6500.0	0.070007512988	6.13332965416e-10	0.0700157183668	1.82657334245e-08	18.1818509027	3.78203466789e-07	18.1841462747	4.72091566854e-06	90.0	0.0	90.0	0.0
16	0.07	18.18	6750.0	0.0700072492578	9.52004184485e-10	0.0700149232826	2.34603522893e-08	18.1817527459	5.27863678268e-07	18.1839376656	5.96765145676e-06	90.0	0.0	90.0	0.0
16	0.07	18.18	7000.0	0.0700072734825	9.69454265465e-10	0.0700147885583	2.46030884892e-08	18.181733083	5.51442698317e-07	18.1839029649	6.21077000784e-06	90.0	0.0	90.0	0.0
16	0.07	18.18	7250.0	0.07000747552	1.11124971192e-09	0.0700150316201	2.76582563838e-08	18.1817587648	5.58760535465e-07	18.1839679568	7.053200977e-06	90.0	0.0	90.0	0.0
16	0.07	18.18	7500.0	0.0700076594478	1.18542893395e-09	0.0700152644611	2.58633214731e-08	18.181785058	6.06765067941e-07	18.1840300506	6.50118088765e-06	90.0	0.0	90.0	0.0
16	0.07	18.18	7750.0	0.0700077694152	1.59555818031e-09	0.0700153681699	3.52748407814e-08	18.1817973036	8.54911167525e-07	18.1840579851	8.92119990047e-06	90.0	0.0	90.0	0.0
16	0.07	18.18	8000.0	0.070008013395	1.0594352474e-09	0.0700157859271	2.55541610283e-08	18.1818484092	5.78790148404e-07	18.1841685267	6.47377010674e-06	90.0	0.0	90.0	0.0
16	0.07	18.18	8500.0	0.0700084260983	1.28341037984e-09	0.0700166505043	3.05587370648e-08	18.1819836359	6.96237674337e-07	18.184396817	7.65457274627e-06	90.0	0.0	90.0	0.0
16	0.07	18.18	8750.0	0.0700096575875	1.44061632803e-09	0.0700188052617	3.2300938046e-08	18.1822398746	8.09101649616e-07	18.1849675855	8.22989343394e-06	90.0	0.0	90.0	0.0
17	0.13	18.18	3500.0	0.13002951001	4.88659548825e-10	0.130057299307	2.11837219617e-08	18.1859749257	8.8677698864e-08	18.1880546916	2.88186929053e-06	90.0	0.0	90.0	0.0
17	0.13	18.18	3750.0	0.130031160222	4.79435271483e-10	0.130059853257	2.03390777322e-08	18.1863018827	5.92144536999e-08	18.1884143757	2.72015188326e-06	90.0	0.0	90.0	0.0
17	0.13	18.18	4000.0	0.130032566425	9.18920731108e-10	0.130066085232	5.6573179821e-08	18.186734334	1.25275293774e-07	18.1892894248	8.35352815476e-06	90.0	0.0	90.0	0.0
17	0.13	18.18	4250.0	0.130038268347	5.38895647972e-10	0.130072677731	6.87818132563e-09	18.1881296952	6.0320942967e-08	18.1902007036	9.63266558334e-07	90.0	0.0	90.0	0.0
17	0.13	18.18	4500.0	0.130041129066	6.01441318082e-10	0.130041129067	5.99732752793e-10	18.1887453815	5.74969314464e-08	18.188745382	5.71384632558e-08	90.0	0.0	90.0	0.0
17	0.13	18.18	4750.0	0.130038667807	6.91778498019e-10	0.129956006824	2.37115258718e-08	18.1881483294	7.09922638382e-08	18.1736520211	3.31189147646e-06	90.0	0.0	90.0	0.0
17	0.13	18.18	5000.0	0.13003722308	8.26988725633e-10	0.129944904181	3.13976617156e-08	18.1877617731	1.09358428587e-07	18.1720848814	4.353066671e-06	90.0	0.0	90.0	0.0
17	0.13	18.18	5250.0	0.130035466651	8.37359618178e-10	0.12995143218	2.73217679474e-08	18.1873039472	1.13053498954e-07	18.1730190028	3.77316712581e-06	90.0	0.0	90.0	0.0
17	0.13	18.18	5500.0	0.130032475656	7.39057692845e-10	0.129975008923	1.06833897946e-08	18.1866003989	9.72287395918e-08	18.1763744502	1.49439830391e-06	90.0	0.0	90.0	0.0
17	0.13	18.18	5750.0	0.1300284984	3.81237539004e-10	0.13001345293	2.00234831729e-09	18.1857182014	7.90083939243e-08	18.1818423655	2.3020475769e-07	90.0	0.0	90.0	0.0
17	0.13	18.18	6000.0	0.130024448893	7.17937982331e-10	0.130042792064	1.77167667882e-08	18.1848433264	1.72296095588e-07	18.1860191955	2.39361020044e-06	90.0	0.0	90.0	0.0
17	0.13	18.18	6250.0	0.130021473112	4.6249183443e-10	0.130036523961	1.20190895147e-08	18.184206791	8.90633539825e-08	18.1851382632	1.66447405471e-06	90.0	0.0	90.0	0.0
17	0.13	18.18	6500.0	0.130020407473	5.04937995149e-10	0.130033811721	1.30616422277e-08	18.183959688	1.30365593699e-07	18.1847574876	1.8586311003e-06	90.0	0.0	90.0	0.0
17	0.13	18.18	6750.0	0.130019781878	5.06668781663e-10	0.130032132092	1.05423846007e-08	18.1838096892	1.38913329226e-07	18.1845216476	1.5534025468e-06	90.0	0.0	90.0	0.0
17	0.13	18.18	7000.0	0.130019917672	4.51908441135e-10	0.130031840701	8.37265647087e-09	18.1838129759	1.37030907707e-07	18.1844809753	1.18411154122e-06	90.0	0.0	90.0	0.0
17	0.13	18.18	7250.0	0.130020533832	5.91935736494e-10	0.130032369926	1.158930041e-08	18.1839100941	1.38520439535e-07	18.1845557891	1.58056166098e-06	90.0	0.0	90.0	0.0
17	0.13	18.18	7500.0	0.130021085331	2.95686975504e-10	0.130032883794	7.81364781617e-09	18.1839984418	1.00029174887e-07	18.1846284539	9.90442269627e-07	90.0	0.0	90.0	0.0
17	0.13	18.18	7750.0	0.130021423811	4.95384020671e-10	0.130033122045	1.09469781284e-08	18.1840491307	1.56642911735e-07	18.1846622192	1.37704086381e-06	90.0	0.0	90.0	0.0
17	0.13	18.18	8000.0	0.130022107293	7.07641325137e-10	0.130034010178	1.06856545489e-08	18.1841736387	1.70895106288e-07	18.184787418	1.59174969676e-06	90.0	0.0	90.0	0.0
17	0.13	18.18	8500.0	0.130023106794	6.92097496047e-10	0.130035925796	1.27105730465e-08	18.1844036309	1.37185867665e-07	18.1850569926	1.53449569894e-06	90.0	0.0	90.0	0.0
17	0.13	18.18	8750.0	0.130026587224	7.51138961297e-10	0.130040602631	1.35607617185e-08	18.1850461388	1.58574737456e-07	18.1857159314	1.91452989706e-06	90.0	0.0	90.0	0.0
18	0.01	200	3500.0	0.01000092831	1.23498835565e-09	0.0100017801089	7.06737530312e-09	199.99333144	8.34873594081e-05	200.038224993	6.40702546447e-05	90.0	0.0	90.0	0.0
18	0.01	200	3750.0	0.0100009790845	1.21717894923e-09	0.0100018519164	8.02994115348e-09	199.992837208	7.67898752088e-05	200.039810308	6.87147932863e-05	90.0	0.0	90.0	0.0
18	0.01	200	4000.0	0.0100010141215	5.5622886177e-10	0.010002028367	8.27328940816e-09	199.992373686	2.72206719351e-05	200.043653958	8.51868287619e-05	90.0	0.0	90.0	0.0
18	0.01	200	4250.0	0.0100011811028	2.43824710662e-09	0.0100024900253	1.61843628104e-08	199.991261603	0.000152994513615	200.053746534	0.000162647292294	90.0	0.0	90.0	0.0
18	0.01	200	4500.0	0.0100012687784	2.1832048912e-09	0.0100021936052	2.14833155932e-09	199.990848096	0.000144570485768	200.04899085	4.32154810304e-05	90.0	0.0	90.0	0.0
18	0.01	200	4750.0	0.0100012010824	2.7581632827e-09	0.0100014229969	2.30187890629e-09	199.991567143	0.000176542668571	200.034373183	4.10559124867e-05	90.0	0.0	90.0	0.0
18	0.01	200	5000.0	0.0100011631231	2.50955040835e-09	0.0100010577783	1.58629423397e-09	199.991934099	0.000155380029606	200.027379133	3.91091940914e-05	90.0	0.0	90.0	0.0
18	0.01	200	5250.0	0.0100011122972	1.26488100574e-09	0.0100010167314	5.73587918029e-10	199.992258327	7.71410388357e-05	200.026145525	3.22694553491e-05	90.0	0.0	90.0	0.0
18	0.01	200	5500.0	0.010001024337	1.63275206648e-09	0.0100012466391	2.56206656977e-09	199.992890131	9.97980589152e-05	200.029381985	2.42649722346e-05	90.0	0.0	90.0	0.0
18	0.01	200	5750.0	0.0100009004103	1.50965257102e-09	0.0100015206931	1.03200684884e-08	199.993707766	8.92472255151e-05	200.033154281	9.93260897804e-05	90.0	0.0	90.0	0.0
18	0.01	200	6000.0	0.0100007746027	1.16075234604e-09	0.0100012655344	7.45851116328e-09	199.994525254	7.21507328681e-05	200.027580171	6.48755688574e-05	90.0	0.0	90.0	0.0
18	0.01	200	6250.0	0.0100006796528	9.55681714898e-10	0.0100010775732	6.68508052761e-09	199.995143359	6.24861687514e-05	200.02354926	5.68680174835e-05	90.0	0.0	90.0	0.0
18	0.01	200	6500.0	0.0100006459728	1.4652497903e-09	0.0100009931761	1.00596403419e-08	199.99534558	6.7273193674e-05	200.021769266	9.3115237843e-05	90.0	0.0	90.0	0.0
18	0.01	200	6750.0	0.0100006254574	8.29037357963e-10	0.0100009456287	4.35324642261e-09	199.995445297	4.54738450003e-05	200.020725532	2.83794278618e-05	90.0	0.0	90.0	0.0
18	0.01	200	7000.0	0.0100006297035	1.08919325332e-09	0.0100009344405	6.3194365274e-09	199.995404237	5.42818517774e-05	200.020519267	5.46500365545e-05	90.0	0.0	90.0	0.0
18	0.01	200	7250.0	0.0100006506048	1.0353520485e-09	0.0100009517991	5.8323308183e-09	199.995238641	5.17226291254e-05	200.020865411	4.52682558238e-05	90.0	0.0	90.0	0.0
18	0.01	200	7500.0	0.0100006677311	9.43496747396e-10	0.0100009672433	4.55944770259e-09	199.995102381	4.55425130438e-05	200.021199606	4.87922854555e-05	90.0	0.0	90.0	0.0
18	0.01	200	7750.0	0.0100006784786	9.14451302081e-10	0.0100009754649	2.24557954018e-09	199.99501701	6.17641438664e-05	200.021352797	4.31162863676e-05	90.0	0.0	90.0	0.0
18	0.01	200	8000.0	0.0100007011076	1.09377230706e-09	0.0100009972789	5.93578543417e-09	199.994882737	5.80191058063e-05	200.021888866	5.37906966935e-05	90.0	0.0	90.0	0.0
18	0.01	200	8500.0	0.0100007354083	3.77775965976e-10	0.0100010394891	8.18346874825e-09	199.994755272	3.26241863392e-05	200.02284457	9.97225126184e-05	90.0	0.0	90.0	0.0
18	0.01	200	8750.0	0.0100008439994	6.72057572459e-10	0.0100011659506	9.2193402796e-09	199.993926531	2.11502078893e-05	200.025751738	0.000111985866341	90.0	0.0	90.0	0.0
19	0.07	200	3500.0	0.070011166792	1.18790915185e-09	0.0700268031064	4.03136847449e-08	200.033938151	6.39050412613e-06	200.077597584	0.000110990069371	90.0	0.0	90.0	0.0
19	0.07	200	3750.0	0.0700117599041	1.44211008815e-09	0.0700279806641	4.55556023921e-08	200.035491928	7.1247216912e-06	200.081023071	0.000125024517864	90.0	0.0	90.0	0.0
19	0.07	200	4000.0	0.0700123793628	7.85089536248e-10	0.0700308822157	2.08385043698e-08	200.038851643	4.44386760494e-06	200.089392276	5.51673616282e-05	90.0	0.0	90.0	0.0
19	0.07	200	4250.0	0.0700147156861	1.20618010133e-09	0.0700385186188	4.17776410953e-08	200.048674331	6.38585895651e-06	200.111467806	0.000112429460255	90.0	0.0	90.0	0.0
19	0.07	200	4500.0	0.0700158349972	1.80151486222e-09	0.0700158349942	1.81396236938e-09	200.052456821	1.03075930332e-05	200.052456831	1.02933193035e-05	90.0	0.0	90.0	0.0
19	0.07	200	4750.0	0.0700148479289	1.23855741356e-09	0.0699930273787	2.00020778785e-08	200.048352791	6.61449261896e-06	199.979764457	6.13088323148e-05	90.0	0.0	90.0	0.0
19	0.07	200	5000.0	0.0700142387728	1.43521936862e-09	0.0699880208943	2.88678901573e-08	200.045434318	8.10158680428e-06	199.965342927	8.02006090874e-05	90.0	0.0	90.0	0.0
19	0.07	200	5250.0	0.0700134934299	1.41683188115e-09	0.0699899554095	2.73164802835e-08	200.041965225	8.23568605888e-06	199.971016275	8.07663697788e-05	90.0	0.0	90.0	0.0
19	0.07	200	5500.0	0.0700122772464	1.47689716876e-09	0.0699983400818	8.7592136065e-09	200.03711029	8.4469967576e-06	199.995331071	2.70128296806e-05	90.0	0.0	90.0	0.0
19	0.07	200	5750.0	0.0700107027817	1.43781135105e-09	0.0700124049863	8.00808320449e-09	200.03143735	7.88583962452e-06	200.036038771	1.93336383507e-05	90.0	0.0	90.0	0.0
19	0.07	200	6000.0	0.0700091173843	7.92485253687e-10	0.0700199102262	2.29441199863e-08	200.025999762	4.52605700374e-06	200.057737505	6.36878460083e-05	90.0	0.0	90.0	0.0
19	0.07	200	6250.0	0.0700079557571	1.26885432534e-09	0.0700169789875	3.50045872323e-08	200.022088898	7.48034295245e-06	200.049255928	9.81729592802e-05	90.0	0.0	90.0	0.0
19	0.07	200	6500.0	0.0700075159821	8.89939645043e-10	0.0700157225953	2.2537771311e-08	200.020367465	5.49098310767e-06	200.045625687	6.31888948628e-05	90.0	0.0	90.0	0.0
19	0.07	200	6750.0	0.0700072525949	9.85969244383e-10	0.0700149339771	2.56106062315e-08	200.0192895	6.30709047018e-06	200.043348655	7.24072305534e-05	90.0	0.0	90.0	0.0
19	0.07	200	7000.0	0.07000727654	1.32162660695e-09	0.0700147910894	3.13416788785e-08	200.019070634	8.5596705745e-06	200.04294434	8.64299510643e-05	90.0	0.0	90.0	0.0
19	0.07	200	7250.0	0.0700074790888	1.00682526303e-09	0.0700150413046	2.37967493718e-08	200.019355177	5.83931225705e-06	200.043679073	6.67466114447e-05	90.0	0.0	90.0	0.0
19	0.07	200	7500.0	0.0700076627542	1.76850432738e-09	0.0700152654683	3.83198738222e-08	200.019642466	9.48059328588e-06	200.044338521	0.000105920911568	90.0	0.0	90.0	0.0
19	0.07	200	7750.0	0.0700077737002	1.04476611156e-09	0.0700153865126	2.54717925442e-08	200.019782461	5.71039817088e-06	200.044693487	7.11153027458e-05	90.0	0.0	90.0	0.0
19	0.07	200	8000.0	0.0700080173753	1.17570229232e-09	0.0700157959103	2.50625587309e-08	200.02034158	7.6179590678e-06	200.045886229	6.9464757874e-05	90.0	0.0	90.0	0.0
19	0.07	200	8500.0	0.0700084299599	1.30615009994e-09	0.0700166588473	2.94644309546e-08	200.021829266	8.02185382066e-06	200.04839348	8.1457357458e-05	90.0	0.0	90.0	0.0
19	0.07	200	8750.0	0.0700096617549	2.06369519347e-09	0.0700188074683	4.26425207952e-08	200.024647044	1.25788301701e-05	200.054655529	0.000118341434524	90.0	0.0	90.0	0.0
20	0.13	200	3500.0	0.130029510564	7.62962463541e-10	0.130057323031	3.08503700659e-08	200.065739631	1.12519258834e-06	200.088648086	4.58250824741e-05	90.0	0.0	90.0	0.0
20	0.13	200	3750.0	0.130031160955	7.4897905824e-10	0.13005988061	3.05306082862e-08	200.069337487	1.00872019691e-06	200.092610527	4.27729343301e-05	90.0	0.0	90.0	0.0
20	0.13	200	4000.0	0.130032566161	5.56867351631e-10	0.13006608799	1.80847943852e-08	200.074093605	1.13699507029e-06	200.102195443	2.60573705795e-05	90.0	0.0	90.0	0.0
20	0.13	200	4250.0	0.130038266928	6.45880640371e-10	0.13007267704	5.79812132493e-09	200.089443448	1.94948800144e-06	200.112222035	8.52890260963e-06	90.0	0.0	90.0	0.0
20	0.13	200	4500.0	0.130041127527	6.43215574803e-10	0.13004112753	6.46371976343e-10	200.096217244	1.56606402822e-06	200.096217249	1.57269305612e-06	90.0	0.0	90.0	0.0
20	0.13	200	4750.0	0.130038666879	6.46096433154e-10	0.129956015187	3.44284430504e-08	200.089649691	2.02606130729e-06	199.930175596	4.76961584347e-05	90.0	0.0	90.0	0.0
20	0.13	200	5000.0	0.130037222741	5.11665100622e-10	0.129944914945	3.50259294843e-08	200.085397667	1.89245698488e-06	199.912937881	4.81981982976e-05	90.0	0.0	90.0	0.0
20	0.13	200	5250.0	0.130035466888	5.3908806732e-10	0.129951409948	3.42265930154e-08	200.080361619	1.12274302058e-06	199.923163678	5.26955427872e-05	90.0	0.0	90.0	0.0
20	0.13	200	5500.0	0.130032475904	1.04181085325e-09	0.129974995473	2.29918933153e-08	200.072622179	2.30950821982e-06	199.96009123	3.55134789752e-05	90.0	0.0	90.0	0.0
20	0.13	200	5750.0	0.130028499202	1.17504421486e-09	0.130013446336	3.00362683339e-09	200.062915979	1.5991294215e-06	200.020256333	3.52479597493e-06	90.0	0.0	90.0	0.0
20	0.13	200	6000.0	0.130024449871	1.19833403374e-09	0.130042807452	3.17618613362e-08	200.053289609	1.77421511238e-06	200.066242365	4.71805666455e-05	90.0	0.0	90.0	0.0
20	0.13	200	6250.0	0.130021474287	1.05377492532e-09	0.130036536806	2.68891170781e-08	200.046286383	2.10574817085e-06	200.056546987	4.01711907645e-05	90.0	0.0	90.0	0.0
20	0.13	200	6500.0	0.130020408662	1.50331754671e-09	0.130033818596	3.78978381144e-08	200.043567291	3.04193365463e-06	200.052347996	5.66119536935e-05	90.0	0.0	90.0	0.0
20	0.13	200	6750.0	0.130019783574	9.32825786015e-10	0.130032148049	1.99637556479e-08	200.041917905	1.87184053408e-06	200.049767026	2.96572549795e-05	90.0	0.0	90.0	0.0
20	0.13	200	7000.0	0.130019919311	1.07344317835e-09	0.130031851635	2.39461871089e-08	200.041953874	2.27782042397e-06	200.049312789	3.5586093561e-05	90.0	0.0	90.0	0.0
20	0.13	200	7250.0	0.130020535862	1.05751977781e-09	0.130032384927	2.31971568596e-08	200.043022825	2.46995237922e-06	200.05014218	3.44796731263e-05	90.0	0.0	90.0	0.0
20	0.13	200	7500.0	0.130021087535	9.77157129611e-10	0.130032899714	1.9961433283e-08	200.043995151	2.24809491173e-06	200.050942335	2.96171786824e-05	90.0	0.0	90.0	0.0
20	0.13	200	7750.0	0.1300214264	8.02129759081e-10	0.13003314404	1.5794939466e-08	200.044553563	2.004023583e-06	200.051322371	2.37351620218e-05	90.0	0.0	90.0	0.0
20	0.13	200	8000.0	0.130022109588	1.36009796665e-09	0.130034024317	2.54944698803e-08	200.045922806	2.83047844354e-06	200.052688135	3.77924253484e-05	90.0	0.0	90.0	0.0
20	0.13	200	8500.0	0.130023109197	1.30888018317e-09	0.130035946212	2.49895480161e-08	200.048453579	2.38298056724e-06	200.055662449	3.68907090862e-05	90.0	0.0	90.0	0.0
20	0.13	200	8750.0	0.130026589722	1.73525429712e-09	0.130040618453	3.21908990343e-08	200.055523321	2.99744875084e-06	200.062906633	4.75935337787e-05	90.0	0.0	90.0	0.0
