# Results of the simulations. Done for the linear LD law with:
# Period = 1.0, t0 = 0.0, b = 0.3, N = 1000 and n_try = 100
#
# gnum 	 input_p 	 input_a 	 input_teff 	 p_fixed 	 sigma_p_fixed 	 p_float 	 sigma_p_float 	 a_fixed 	 sigma_a_fixed 	 a_float 	 sigma_a_float	 i_fixed 	 sigma_i_fixed 	 i_float 	 sigma_i_float
0	0.01	3.27	3500.0	0.0105275329399	2.63544181867e-06	0.0103600888608	4.49127892108e-05	2.75372659651	0.00223773959345	2.9064971274	0.042553104384	76.9611901248	0.0308697450577	79.0419242571	0.58347892793
0	0.01	3.27	3750.0	0.0104955142697	1.48972411403e-06	0.0102625003633	1.23127979611e-05	2.78030662062	0.00123366296164	3.00220142085	0.0126198320022	77.3292474137	0.0169169082895	80.3744821795	0.17778411118
0	0.01	3.27	4000.0	0.0103995152426	3.36110828325e-06	0.0102434540206	1.11612288364e-05	2.89885906566	0.0027163327278	3.04111334375	0.0103147998065	78.9672783458	0.03790098771	80.9496879602	0.148729714893
0	0.01	3.27	4250.0	0.0102214409835	8.56532038644e-07	0.0101039208764	2.00076736076e-06	3.07470853514	0.000696037739818	3.18112330084	0.00180344224646	81.4762266008	0.010323658543	83.1141350158	0.0296331388337
0	0.01	3.27	4500.0	0.0101660989831	7.24200307512e-07	0.0100786675005	2.12386903423e-06	3.12242551756	0.00059087323104	3.20305636908	0.00194013527227	82.198154848	0.00919628974689	83.4877624856	0.032941562615
0	0.01	3.27	4750.0	0.0102046095501	8.8999692988e-07	0.0101172640383	2.28794315712e-06	3.08453226181	0.000751347925988	3.16603971472	0.00213091699611	81.6175551803	0.0112262176969	82.8669719289	0.0342401223689
0	0.01	3.27	5000.0	0.0102524714678	2.53834850032e-06	0.0101632617671	2.52888896457e-06	3.03509233625	0.00214858728737	3.11942660993	0.00237270151518	80.8864828336	0.0312156152446	82.1269073528	0.0361943548988
0	0.01	3.27	5250.0	0.0102791571231	7.09812244242e-06	0.0102022467057	8.63237376435e-06	2.99953850699	0.00618462373629	3.07505565071	0.00842864176176	80.37294234	0.0886478372847	81.4533646768	0.123799741331
0	0.01	3.27	5500.0	0.0103203762893	6.00465883394e-06	0.0102257753776	7.61910183989e-06	2.94710278484	0.00541370996224	3.04153115932	0.00763796547114	79.6332188872	0.075891713573	80.9592244055	0.110130405015
0	0.01	3.27	5750.0	0.0103423335622	1.53966140075e-06	0.0102371050962	1.46727738657e-05	2.90927492445	0.00144641054603	3.01786285664	0.0151823534033	79.1065826819	0.0200714860741	80.615494093	0.217013328057
0	0.01	3.27	6000.0	0.0103570424515	2.19115187411e-06	0.0102343754323	9.16401063886e-06	2.87554885596	0.00216986707571	3.00727250135	0.0103503020908	78.6411481528	0.0298254784452	80.4617790521	0.145706831099
0	0.01	3.27	6250.0	0.0103591381142	1.64234283305e-06	0.0102258767071	6.93077098992e-06	2.85493833737	0.0016737498861	3.0041817781	0.00819878392542	78.3584761785	0.0230018023888	80.4163897027	0.115642008134
0	0.01	3.27	6500.0	0.0103530733803	1.30630615319e-06	0.0102161361586	6.15200617458e-06	2.84452708966	0.00137674563305	3.00435080343	0.00765323523573	78.2167381749	0.018959928832	80.4188359944	0.107924344875
0	0.01	3.27	6750.0	0.0103484126769	4.07749957237e-06	0.0102086296081	7.75884686413e-06	2.83583133925	0.0044994465923	3.0046311345	0.0099981517035	78.0982755846	0.0616036248865	80.4216577128	0.140144626089
0	0.01	3.27	7000.0	0.0103438454664	3.92796759086e-06	0.0102031735813	7.18878519046e-06	2.82940104699	0.00435264245116	3.00398480277	0.00943449481665	78.0106822741	0.0601419471738	80.4120743942	0.133059288382
0	0.01	3.27	7250.0	0.0103440440035	2.06851127344e-06	0.0101985063433	8.86712839816e-06	2.81843004447	0.0023609340738	3.00318283505	0.0118802288215	77.8604062124	0.0325106031766	80.4001312385	0.167941828059
0	0.01	3.27	7500.0	0.010342023204	1.38965409094e-06	0.010193484814	6.19241650469e-06	2.81176665244	0.00161762633769	3.00405782811	0.00867484675083	77.7691412645	0.0222672691243	80.4123033946	0.121999144885
0	0.01	3.27	7750.0	0.0103393910553	1.71103846944e-06	0.0101905256082	9.41373342521e-06	2.80740979371	0.00203291134131	3.00343909555	0.013310118977	77.7094401231	0.0279409611706	80.4034570328	0.187524206043
0	0.01	3.27	8000.0	0.0103339149449	1.99839508303e-06	0.0101893871581	5.74845430691e-06	2.81159043536	0.00237960276641	3.00330983957	0.00829069590431	77.7669452073	0.032756680303	80.4022103449	0.116553283906
0	0.01	3.27	8500.0	0.0102979503825	6.36717952544e-06	0.0101931484711	7.8512566052e-06	2.87441694601	0.00741672889331	3.01036126021	0.0105905672486	78.629450153	0.102382657372	80.5080833835	0.149366504529
0	0.01	3.27	8750.0	0.0102762373605	1.67012237766e-06	0.0101804484671	9.66214778403e-06	2.89506336126	0.00200823436397	3.02273830718	0.0134228417468	78.915962631	0.0277548997571	80.688978255	0.190872707136
1	0.07	3.27	3500.0	0.070317382567	3.7093925209e-07	0.0710061249103	5.40160436307e-07	3.19528243203	4.81192024601e-05	3.19637739704	7.34480523768e-05	83.3937707819	0.000846466005984	83.058754623	0.00124581370947
1	0.07	3.27	3750.0	0.0702773715578	6.60820363407e-07	0.0709238412127	7.04523966948e-07	3.20092214882	8.71246416294e-05	3.20343654442	9.32697248473e-05	83.495042388	0.00153323541343	83.1983228655	0.00161708082044
1	0.07	3.27	4000.0	0.070128380792	9.3570590366e-08	0.0706362090092	8.63273070734e-07	3.22842320565	1.18281206401e-05	3.2304691964	0.000104637690973	83.9995547693	0.000218095243476	83.7569380506	0.00192745116156
1	0.07	3.27	4250.0	0.0699728574279	3.41943372451e-07	0.070246867519	2.99393373593e-07	3.25912295417	4.26375674945e-05	3.25793100117	3.17788115519e-05	84.5724302492	0.000786099095519	84.3980190465	0.000636253019452
1	0.07	3.27	4500.0	0.070010793413	1.04743218284e-07	0.0702281950101	5.18546230457e-08	3.2586990327	1.2099463342e-05	3.25745543054	5.43416523875e-06	84.5472136314	0.000241115519975	84.4046220067	0.000104325626746
1	0.07	3.27	4750.0	0.0701067620221	1.02606240619e-07	0.0703990689161	1.56915642539e-07	3.2460459886	1.21281185464e-05	3.24497791368	1.77783691301e-05	84.295169597	0.00023471855019	84.1181429594	0.000343137314125
1	0.07	3.27	5000.0	0.070189219418	1.22177871644e-07	0.0705589115422	1.4264302915e-07	3.23323942327	1.49954005667e-05	3.2326592558	1.65890076685e-05	84.0509534452	0.000279516441042	83.8439248651	0.000307127085463
1	0.07	3.27	5250.0	0.0702498842798	3.29589303074e-07	0.0706802986911	3.88205332275e-07	3.22188570919	4.13996685015e-05	3.22218563538	4.6742383428e-05	83.840679446	0.000758722299857	83.6180380154	0.000851652366884
1	0.07	3.27	5500.0	0.0702834906176	1.01919845583e-07	0.0707533237066	2.62964491605e-07	3.21329844987	1.3293154473e-05	3.21468907988	3.36648594878e-05	83.6847249082	0.00024173109228	83.4595786772	0.000571860617762
1	0.07	3.27	5750.0	0.0702919362835	2.48737500201e-07	0.070788596291	5.5321959519e-07	3.2076352273	3.39069803286e-05	3.20989473836	7.16217756311e-05	83.5838357457	0.000603726783313	83.3588137442	0.00127475669116
1	0.07	3.27	6000.0	0.0702772852124	2.32590301977e-07	0.0707918703452	1.09371728319e-06	3.20463770551	3.34356388598e-05	3.207782042	0.000138925377838	83.532803329	0.000590331622133	83.3122686631	0.00192231982939
1	0.07	3.27	6250.0	0.0702539858905	4.05801583649e-07	0.0707773468738	8.32257960902e-07	3.20381585349	6.04049099584e-05	3.20743185232	0.000113934518526	83.5198272495	0.00106740793492	83.3018716504	0.00200826474996
1	0.07	3.27	6500.0	0.0702238481803	4.78958795585e-07	0.0707460424054	3.39169950923e-07	3.20491413486	7.37551261219e-05	3.20895610226	5.50000579742e-05	83.5409833943	0.00130561743321	83.3300353366	0.000949173531547
1	0.07	3.27	6750.0	0.0702019046665	6.50331829887e-07	0.0707256357295	3.38862615581e-07	3.20571082697	0.000102852873611	3.2097133123	5.79098996988e-05	83.5559049937	0.00182382855497	83.3440239584	0.00100457265695
1	0.07	3.27	7000.0	0.0701858404769	5.7696052254e-07	0.0707123476868	1.91920979203e-07	3.20625212055	9.3159621025e-05	3.20997813063	3.66084197244e-05	83.565627216	0.00165483702347	83.3487605309	0.000609968571747
1	0.07	3.27	7250.0	0.070172690967	5.89477273998e-07	0.0707039728624	2.00524051176e-07	3.2065124432	9.77424705236e-05	3.20986463197	3.61177501133e-05	83.5701861979	0.0017343385578	83.3458576456	0.000664598794685
1	0.07	3.27	7500.0	0.0701662788484	6.15392284674e-07	0.070703257333	4.16383362861e-07	3.20620422759	0.000103497886057	3.20905977178	8.17129797385e-05	83.5637168649	0.00183826367138	83.3297325885	0.00141316533235
1	0.07	3.27	7750.0	0.0701620685264	3.71906674512e-07	0.0707045165105	7.48170615843e-07	3.20592952724	6.395731832e-05	3.20811725422	0.000136749045604	83.5575078364	0.00113016115999	83.3113972948	0.0023690331038
1	0.07	3.27	8000.0	0.0701625966308	4.05101794153e-07	0.0707002596087	5.5583348001e-07	3.20616185156	6.99893759132e-05	3.20812314124	9.93679955686e-05	83.5599005809	0.00123856512236	83.3130126633	0.00175770606955
1	0.07	3.27	8500.0	0.0702088920397	2.47382539452e-07	0.0706982715267	3.78245826698e-07	3.20666145887	4.09306982556e-05	3.20845077848	6.40435508793e-05	83.5579042635	0.00072768875948	83.3326379337	0.00112444591108
1	0.07	3.27	8750.0	0.0701772935461	3.66977060708e-07	0.0706339529042	2.29693168142e-07	3.21204611021	6.11683242193e-05	3.21434444438	3.53679906582e-05	83.6552584509	0.00109636545313	83.4531923444	0.000640406110867
2	0.13	3.27	3500.0	0.1291018759	6.68223011069e-07	0.131634617953	1.17548676438e-06	3.29122477112	4.503739934e-05	3.25096581368	5.18967344821e-05	85.3715007969	0.00105015742913	83.8583819419	0.00111470199159
2	0.13	3.27	3750.0	0.129117754308	4.57207929531e-07	0.131498998301	7.04204166322e-07	3.29101622172	3.08224315981e-05	3.25333506149	3.43628363381e-05	85.3658565993	0.000719632163594	83.9384588332	0.000692435604555
2	0.13	3.27	4000.0	0.129192002316	1.8634985378e-07	0.131004268945	2.8198597794e-07	3.29061840524	1.17281870089e-05	3.26193149682	1.29759535127e-05	85.3402968998	0.000272698884315	84.2486916509	0.000275550182926
2	0.13	3.27	4250.0	0.129512955648	4.34456761872e-08	0.130398217434	1.4364286164e-07	3.28240442013	2.54206388369e-06	3.26802609944	5.31950211921e-06	85.0933972371	5.8056188028e-05	84.5622519733	0.000130706477534
2	0.13	3.27	4500.0	0.129662134634	3.89807727186e-08	0.130404958854	1.85633780899e-07	3.2782047375	2.25565030957e-06	3.26602380497	7.22684984512e-06	84.9742024625	4.96664105808e-05	84.5321758881	0.000168505807198
2	0.13	3.27	4750.0	0.129619859345	6.97675411947e-08	0.130689029937	1.38828733681e-07	3.27945739275	4.15171619881e-06	3.26192202428	5.8013317359e-06	85.0047576977	9.12325222639e-05	84.3704606465	0.000128185063563
2	0.13	3.27	5000.0	0.129558189856	2.54759363582e-07	0.130951215201	2.17716228999e-07	3.28092999127	1.56393416773e-05	3.25811541635	1.01899407175e-05	85.0459105033	0.000344731450643	84.2201401572	0.000213756203103
2	0.13	3.27	5250.0	0.129503872728	5.88436168463e-08	0.13114950403	1.90451626387e-07	3.28195316478	3.77226540233e-06	3.2550581293	7.83147407812e-06	85.0781530866	8.41673970366e-05	84.1009374759	0.000170998737843
2	0.13	3.27	5500.0	0.129462885703	1.88808618155e-07	0.131269694413	3.53175667979e-07	3.28257825864	1.26526827899e-05	3.25309514273	1.37797267871e-05	85.1001970443	0.000281698339221	84.0226462221	0.000322778001595
2	0.13	3.27	5750.0	0.129426049508	3.2741717176e-07	0.131327402524	2.74987441687e-07	3.28320438922	2.27432084922e-05	3.25217564534	1.24422265368e-05	85.1218555137	0.000508421017434	83.9800949305	0.000270860920721
2	0.13	3.27	6000.0	0.129383542357	7.67647594491e-07	0.131332023168	2.55011489056e-07	3.2841388971	5.51763837852e-05	3.25237031921	1.49377076266e-05	85.1522185468	0.00124211675247	83.9716742594	0.000310733478081
2	0.13	3.27	6250.0	0.129355005241	1.42931527312e-07	0.13130765692	2.32873812709e-07	3.2849196496	1.0731619856e-05	3.25296281397	1.45208151615e-05	85.1761490634	0.000242828976636	83.9808338376	0.000285765676318
2	0.13	3.27	6500.0	0.129336017136	1.87367045491e-07	0.131258521251	4.55159059351e-07	3.28558280371	1.45807039849e-05	3.25395420071	2.2502264474e-05	85.195872698	0.000330686948523	84.0065212601	0.000490595922525
2	0.13	3.27	6750.0	0.129323344701	2.16318148375e-07	0.131227143788	4.10946773951e-07	3.28610737223	1.71836328369e-05	3.25455980386	2.65955790304e-05	85.2105715986	0.00039051934593	84.0219116999	0.000539253771685
2	0.13	3.27	7000.0	0.129316048847	3.25118631469e-07	0.131208696127	6.77056234029e-07	3.28645739142	2.6517302836e-05	3.25485463171	4.37479243626e-05	85.2199006572	0.000602657370843	84.0291803177	0.000900817096797
2	0.13	3.27	7250.0	0.129308634842	3.3084945886e-07	0.131199456748	5.99961226324e-07	3.28680279104	2.75314220005e-05	3.25495277671	4.0931242592e-05	85.2289444481	0.000626157537677	84.0305482192	0.000824594408262
2	0.13	3.27	7500.0	0.129306513403	2.65718431374e-07	0.131204348205	3.78418181925e-07	3.28696600843	2.24429262662e-05	3.25468563009	2.59713116435e-05	85.2322120059	0.00051099486826	84.021899544	0.00053026382672
2	0.13	3.27	7750.0	0.129307921077	4.11144567213e-07	0.131211479035	4.68854559055e-07	3.28701074287	3.51989061834e-05	3.25436092833	3.1790876724e-05	85.231921736	0.000801899696687	84.0120635269	0.000643857743861
2	0.13	3.27	8000.0	0.129322132686	3.04581478512e-07	0.131209216163	4.35514753069e-07	3.28666074077	2.6164178827e-05	3.25410708229	3.02983585915e-05	85.2203545905	0.000595150201811	84.0085430146	0.000612153239616
2	0.13	3.27	8500.0	0.129442174043	2.93653296412e-07	0.131216212399	4.26305279672e-07	3.28304453821	2.44993329019e-05	3.25236906486	2.58238975498e-05	85.1123734177	0.000546614606327	83.9879054233	0.000537967472559
2	0.13	3.27	8750.0	0.129462694495	2.34822570839e-07	0.131109036448	4.30056541756e-07	3.28278369682	1.98616061968e-05	3.25419323226	2.83408935558e-05	85.1045917811	0.000443077754334	84.0535026876	0.000563714529852
3	0.01	3.92	3500.0	0.0105260950367	5.10678944571e-06	0.0103109870909	8.09472145889e-05	3.28090975041	0.00529661326298	3.52945812593	0.100458839057	79.0930803907	0.0499441817296	81.4002018959	0.947698965014
3	0.01	3.92	3750.0	0.0104975214814	2.91314886734e-06	0.0102695802902	2.05653077537e-05	3.31037018725	0.00305515445219	3.57916995083	0.0262471233927	79.3705888436	0.0289190402807	81.8718527844	0.250116336862
3	0.01	3.92	4000.0	0.0104014267823	1.19140987735e-06	0.0102416329178	6.6846740331e-06	3.45797069141	0.00121132925784	3.63860991518	0.00771091265308	80.7546140503	0.0113645323843	82.4617534019	0.0754488064942
3	0.01	3.92	4250.0	0.0102221326284	6.63329719585e-07	0.0101051802507	1.8853574604e-06	3.67750230396	0.000666438860778	3.80857231665	0.0020998432824	82.8755185291	0.00668060170843	84.2393230796	0.0233047349137
3	0.01	3.92	4500.0	0.0101665378952	6.97264137896e-07	0.01007552061	2.28432420185e-06	3.73685625078	0.000716029618986	3.84069220262	0.0025451822953	83.482971757	0.00747159964665	84.6084989622	0.0294771648695
3	0.01	3.92	4750.0	0.0102055093626	1.01841498811e-06	0.0101187815834	2.13220173365e-06	3.68941102675	0.00106081558056	3.78958080249	0.00242879484485	82.9914564123	0.0107047516246	84.0293087811	0.0264061455599
3	0.01	3.92	5000.0	0.0102536159047	2.59303997003e-06	0.0101659714067	1.68256467649e-06	3.62782515258	0.00275370400506	3.73042641835	0.00197688755731	82.3755375865	0.026973421753	83.3958205718	0.0203403257206
3	0.01	3.92	5250.0	0.0102774895461	8.39070458048e-06	0.0102013033754	8.68551846941e-06	3.58673756866	0.00924813391025	3.67969761448	0.0103741702722	81.9736675247	0.0891750250333	82.8748371218	0.10365595195
3	0.01	3.92	5500.0	0.0103230587921	4.59561521277e-06	0.0102278885603	6.54893735916e-06	3.51682696795	0.00519258193749	3.63440042167	0.00816138992995	81.3052222845	0.0491573839325	82.4233865098	0.0793824733737
3	0.01	3.92	5750.0	0.0103442006896	2.01827257803e-06	0.0102382268856	1.10675948474e-05	3.47065746198	0.00238017181945	3.60619229086	0.0144279286402	80.8697775428	0.0223175726265	82.1463609614	0.138842761811
3	0.01	3.92	6000.0	0.0103570182585	3.58514299014e-06	0.0102346651419	9.18476128693e-06	3.43093348686	0.00429585814603	3.59402026672	0.01267938463	80.4980312883	0.0403533540194	82.0267861392	0.121688920192
3	0.01	3.92	6250.0	0.0103605568909	1.5484224551e-06	0.0102251067423	7.63451367523e-06	3.40351449972	0.00194569065852	3.59199402474	0.0110637728707	80.2426336571	0.0181852329353	82.0053183751	0.106133397732
3	0.01	3.92	6500.0	0.0103553999796	1.22263640206e-06	0.0102159999425	5.09846121293e-06	3.38931847922	0.00163345559316	3.59113088545	0.00769567087492	80.1112600478	0.0152368379895	81.9972302296	0.0734488929466
3	0.01	3.92	6750.0	0.0103502459707	1.71409244693e-06	0.0102096508227	6.55179159121e-06	3.3790760704	0.00236724876819	3.58955646261	0.0100962395334	80.0165465149	0.0220037990339	81.9815814463	0.0965326899179
3	0.01	3.92	7000.0	0.0103458328157	1.48086816699e-06	0.010202145932	5.14464134745e-06	3.37081107298	0.00208474480495	3.59162097714	0.00908137898076	79.9400396664	0.019392937614	82.0016611054	0.0859920863772
3	0.01	3.92	7250.0	0.0103427705604	1.91009295991e-06	0.0101980873052	4.74591402867e-06	3.36167163039	0.00274498308611	3.58988320689	0.00810584646366	79.8553709843	0.0256546030468	81.9842001676	0.0773923641203
3	0.01	3.92	7500.0	0.0103426040079	3.32598668843e-06	0.0101932321694	6.52966287101e-06	3.35076846968	0.00477100109559	3.59102804045	0.0111532221272	79.7537016698	0.0447045391747	81.9945655341	0.106733470235
3	0.01	3.92	7750.0	0.0103377924981	3.60835484691e-06	0.0101903691617	6.56833278788e-06	3.34852194622	0.00531254736275	3.59008634392	0.0114402583244	79.7329775146	0.0496192559874	81.984977176	0.109383952206
3	0.01	3.92	8000.0	0.0103331025047	2.60617791007e-06	0.0101885515405	7.07053812412e-06	3.35256070936	0.00385758460298	3.59113041986	0.0124936420098	79.7707310686	0.036087436561	81.9957805447	0.119302556638
3	0.01	3.92	8500.0	0.0103002709339	4.61461790209e-06	0.0101965155509	5.14840143795e-06	3.42614424167	0.00669055555689	3.59256390435	0.00869278319268	80.4562876926	0.0626303125757	82.0150110791	0.0826940915537
3	0.01	3.92	8750.0	0.0102776003622	1.86759781949e-06	0.0101801113716	5.90735365234e-06	3.45314904296	0.00278896487667	3.61434688563	0.0102141865851	80.7103499899	0.0261298047958	82.227900798	0.0986853087353
4	0.07	3.92	3500.0	0.0703204203278	3.65399327077e-07	0.0710069076434	1.3341910682e-06	3.82673004724	5.91227023648e-05	3.8279717847	0.000266453955475	84.4793438536	0.000698971778932	84.2071518094	0.00299147380425
4	0.07	3.92	3750.0	0.0702805727522	2.05405278345e-07	0.0709246540861	1.02832552683e-06	3.8337128709	3.32569390128e-05	3.83678298898	0.000188399297891	84.5638150264	0.000397677918646	84.3239406494	0.00202085353358
4	0.07	3.92	4000.0	0.0701307741805	2.47403214244e-07	0.0706372324211	2.76429029988e-07	3.86807310044	3.76598654749e-05	3.87046496126	4.28602921896e-05	84.9884632076	0.000474463354845	84.7909635073	0.000523613660396
4	0.07	3.92	4250.0	0.0699739985302	7.2205291698e-08	0.0702470251232	4.92468261828e-08	3.9063876032	1.02403647545e-05	3.9048586992	5.21514756249e-06	85.4709302037	0.000138546132164	85.3282550869	7.51296160997e-05
4	0.07	3.92	4500.0	0.0700120780429	3.276333586e-07	0.0702287601239	1.53243977706e-07	3.90582662302	4.67912044634e-05	3.90425052722	1.84886688495e-05	85.449785714	0.000629738720462	85.3330630125	0.000251924803768
4	0.07	3.92	4750.0	0.0701084801203	2.91977425952e-07	0.0704000616381	1.9959893599e-07	3.89004595668	4.2827862566e-05	3.88865202414	2.63154985264e-05	85.2380202437	0.000554694609318	85.0930164262	0.000343288897963
4	0.07	3.92	5000.0	0.0701914163135	3.01768505179e-07	0.0705602938565	2.79104495913e-07	3.87405971204	4.51216779751e-05	3.8732440712	3.86935523625e-05	85.0325636245	0.000571794786272	84.863162261	0.0004878797108
4	0.07	3.92	5250.0	0.0702523618608	2.13738480291e-07	0.0706813362909	1.14049013696e-06	3.85989430792	3.30757924015e-05	3.86022536435	0.000155240729714	84.8557291993	0.000406827636469	84.6748169162	0.00190729280022
4	0.07	3.92	5500.0	0.0702858819145	1.23596393161e-07	0.0707548899931	7.28222785571e-07	3.84921019718	2.05416222713e-05	3.85079059435	0.000106353154905	84.724934709	0.000246459201162	84.5412388336	0.00124828813171
4	0.07	3.92	5750.0	0.0702945577947	3.12688282059e-07	0.0707901907524	6.66107090895e-07	3.84209948151	5.25426528672e-05	3.84480438851	0.000107539670569	84.6395269735	0.000631772970937	84.4569289997	0.00131738957689
4	0.07	3.92	6000.0	0.070279683992	3.65436356691e-07	0.0707936870191	2.86333026616e-07	3.83837205813	6.39898889984e-05	3.84220008124	4.93688401323e-05	84.5966919029	0.000767698720696	84.4180060112	0.000597064924803
4	0.07	3.92	6250.0	0.0702562512967	5.8297156221e-07	0.0707781513421	2.72076558181e-07	3.83733426339	0.000106131511082	3.84184896578	5.24626535117e-05	84.5855894197	0.0012711747906	84.410803795	0.000616019425482
4	0.07	3.92	6500.0	0.0702261772888	1.63069924175e-07	0.0707474152889	4.99780420548e-07	3.83865049232	3.12009931462e-05	3.84361161223	9.70488969055e-05	84.6026897478	0.000372012145995	84.4328561683	0.00114692200153
4	0.07	3.92	6750.0	0.0702038265394	5.66675081798e-07	0.0707269133073	4.43781424009e-07	3.83968729803	0.00010955507383	3.84456166088	8.95521524347e-05	84.6157361637	0.00131697362271	84.4446792017	0.00105305298808
4	0.07	3.92	7000.0	0.0701876940125	1.1561858975e-07	0.0707134612837	5.88306701846e-07	3.8403465224	2.32904535627e-05	3.84492145643	0.0001233718433	84.6237231871	0.000278584717954	84.4489909911	0.00144783584966
4	0.07	3.92	7250.0	0.070174405819	1.69378546702e-07	0.0707051004455	5.80070647803e-07	3.84067230369	3.52638004105e-05	3.84476296766	0.000118970778583	84.6275783816	0.000420275295509	84.4464032497	0.00139604253512
4	0.07	3.92	7500.0	0.0701677555879	2.08612329464e-07	0.070704596273	2.95689864099e-07	3.84031563639	4.26284164923e-05	3.84371377705	6.46803223453e-05	84.6225082927	0.000512771933704	84.4323693229	0.000757254826369
4	0.07	3.92	7750.0	0.0701638980828	1.21334092396e-07	0.0707054021218	3.92749928792e-07	3.83987974817	2.58757416419e-05	3.84263850759	8.57680103151e-05	84.6162187997	0.000309009309671	84.4181776766	0.0010046310806
4	0.07	3.92	8000.0	0.0701643464831	1.79493568427e-07	0.0707016061286	3.64126042992e-07	3.84017892917	3.89904581393e-05	3.84254502393	8.04432757743e-05	84.61839563	0.000463545545419	84.4183029623	0.000942395707419
4	0.07	3.92	8500.0	0.0702104316614	3.81069872291e-07	0.0706994037497	7.21393582129e-07	3.8408897806	7.8252576777e-05	3.84304815262	0.000150390472427	84.6180783644	0.000937770048899	84.4354414649	0.00177465216241
4	0.07	3.92	8750.0	0.0701785343363	9.90725159316e-08	0.0706350379373	7.07963723506e-07	3.84763858638	2.10714941041e-05	3.8503977076	0.000153184478695	84.7002902365	0.000253015040346	84.5363440378	0.00181999356969
5	0.13	3.92	3500.0	0.129101957183	4.52250833174e-07	0.131635660174	1.38487305812e-06	3.94627595388	3.75905388413e-05	3.89534396451	7.58637914892e-05	86.1375151388	0.000591231325609	84.8768808519	0.00114372575723
5	0.13	3.92	3750.0	0.129117878415	5.01027737074e-07	0.131500478745	1.98516468196e-07	3.94603188788	4.19950283532e-05	3.89833734041	1.10387772783e-05	86.1329789909	0.000658932876519	84.9434698118	0.000169315194072
5	0.13	3.92	4000.0	0.129192100554	2.65967757467e-07	0.13100506988	4.79116209425e-07	3.94562701756	2.07411159501e-05	3.90932700685	2.68699363529e-05	86.1131142365	0.000324928155124	85.2031351405	0.000384060977985
5	0.13	3.92	4250.0	0.129512885795	6.96066629833e-08	0.130398609788	1.87883497209e-07	3.93547155319	5.02396350972e-06	3.91728386685	9.48071083814e-06	85.908550624	7.62783695439e-05	85.4653803765	0.000147105308712
5	0.13	3.92	4500.0	0.129662089915	3.93895752755e-08	0.130405517253	2.28774435057e-07	3.93022842536	2.82255056694e-06	3.91481844607	1.15810314287e-05	85.8091138179	4.14313539271e-05	85.44015503	0.000177854804849
5	0.13	3.92	4750.0	0.129619825165	8.92055044748e-08	0.130690062515	1.75993877768e-07	3.9317515641	6.51753261957e-06	3.90955682242	8.86382798925e-06	85.8342440422	9.65710356019e-05	85.3047282436	0.000130555109884
5	0.13	3.92	5000.0	0.129558491873	4.57901433055e-07	0.130952544696	1.82033942637e-07	3.93352590524	3.48146236107e-05	3.90467155426	1.00983654548e-05	85.8677647247	0.000516649514693	85.1789305666	0.000147857952604
5	0.13	3.92	5250.0	0.129503899991	6.0301986287e-08	0.131150962336	3.6294688999e-07	3.93478960993	4.73760207187e-06	3.90075010468	2.1836847866e-05	85.8944933987	7.10053355491e-05	85.0792198659	0.000304727381409
5	0.13	3.92	5500.0	0.129462916527	1.88688352936e-07	0.131271338636	2.19694176107e-07	3.93553950044	1.56163234904e-05	3.89821520487	1.39079461325e-05	85.9124099038	0.000234578307917	85.0135930783	0.000195158911299
5	0.13	3.92	5750.0	0.129426040987	3.61668325154e-07	0.131328977189	3.20372984552e-07	3.93629772705	3.10225188733e-05	3.89702068453	1.80936829913e-05	85.9300924242	0.000467941984136	84.9780493138	0.000257805532638
5	0.13	3.92	6000.0	0.129383421289	4.42844951144e-07	0.131333561989	1.89091522495e-07	3.93745123	3.96247596625e-05	3.89723488481	1.53625074096e-05	85.9551675519	0.00059868581487	84.9709873225	0.000195508794583
5	0.13	3.92	6250.0	0.129354768831	5.31691773775e-08	0.131309001016	1.68586067868e-07	3.93841776786	5.02699451573e-06	3.89797143561	1.06139925051e-05	85.9749800104	7.58230224068e-05	84.9787448462	0.000143924360518
5	0.13	3.92	6500.0	0.129335615896	2.05008532202e-07	0.131259928921	3.96826776756e-07	3.93924933923	1.97066170564e-05	3.89921560158	3.01035000978e-05	85.9914663892	0.00030056388266	85.0001797272	0.000417231543062
5	0.13	3.92	6750.0	0.129322905884	2.37548223976e-07	0.13122820925	5.05862241238e-07	3.9398958285	2.32976661825e-05	3.89998990205	4.11729044098e-05	86.0036063745	0.000356691929958	85.0133073997	0.00055820885785
5	0.13	3.92	7000.0	0.129315521702	3.34568661477e-07	0.131209679615	7.43286810682e-07	3.94033006612	3.36967737058e-05	3.90036454991	5.97242650664e-05	86.0113667287	0.000516041792091	85.0194486892	0.000819412180818
5	0.13	3.92	7250.0	0.129308107284	4.38481377942e-07	0.131200065696	8.36593328621e-07	3.94074877988	4.50777286038e-05	3.90051058102	6.04387678166e-05	86.0187466793	0.000690689940926	85.0209992081	0.000887052610384
5	0.13	3.92	7500.0	0.129305895841	3.40615510568e-07	0.131205261438	5.58143322345e-07	3.940948304	3.54686833631e-05	3.90014903046	4.87325913417e-05	86.0214543082	0.000544220291073	85.0134165165	0.000657812795727
5	0.13	3.92	7750.0	0.129307241578	5.39576176111e-07	0.131212367843	7.9327932389e-07	3.9409983355	5.73582561305e-05	3.89973501241	5.83025829322e-05	86.0211747902	0.000877775962091	85.0052213279	0.00090612145778
5	0.13	3.92	8000.0	0.129321414304	3.56416456678e-07	0.131210200341	5.85488858608e-07	3.94056323777	3.79602197178e-05	3.89942080452	5.18062717344e-05	86.0115899069	0.000580866889916	85.0021688573	0.00069937170501
5	0.13	3.92	8500.0	0.129441650916	3.29071338174e-07	0.131217477135	3.8771619176e-07	3.93605761164	3.40432996047e-05	3.89727540308	2.93947041984e-05	85.9217471729	0.000511170144899	84.9846656287	0.000411719379064
5	0.13	3.92	8750.0	0.129462119484	2.81190925559e-07	0.131110147305	4.92525353587e-07	3.93575532919	2.94757975272e-05	3.89961445251	4.12481957863e-05	85.9155560445	0.000442859723442	85.0396530054	0.000561827633665
6	0.01	4.87	3500.0	0.0105282412194	1.63614056394e-06	0.0103630992798	3.02235599656e-05	4.05128580486	0.00213254022367	4.29054358857	0.0453319182603	81.174164941	0.0128290851703	82.5817528651	0.268404100779
6	0.01	4.87	3750.0	0.0104965579247	5.38721971586e-06	0.0102878298302	5.22304079649e-05	4.09328713337	0.0072895342035	4.40626237456	0.0843217149227	81.4254953232	0.043533358832	83.2728466224	0.509162194386
6	0.01	4.87	4000.0	0.0104030928033	1.04824613001e-06	0.0102446461752	5.38979848243e-06	4.27857235382	0.0013479146711	4.50679448464	0.00798554052143	82.5298023641	0.00808711002249	83.8982112454	0.0492671225463
6	0.01	4.87	4250.0	0.010222924442	1.11954125631e-06	0.0101050775467	4.17535055794e-06	4.55998564942	0.00143800382824	4.72820441032	0.00597576829766	84.2542126404	0.00914377213001	85.3635124389	0.0418680426316
6	0.01	4.87	4500.0	0.010167054887	6.13293789725e-07	0.0100768709436	1.08676652093e-06	4.63601537445	0.000778452106201	4.76704396151	0.00155237506851	84.7471371627	0.00517333890664	85.6461684029	0.0113530302403
6	0.01	4.87	4750.0	0.0102060313965	1.28593957825e-06	0.0101198662903	1.63401088521e-06	4.57547071722	0.00171453209811	4.70227455217	0.00236301646497	84.3499064646	0.0109714919835	85.1820924618	0.0162747074662
6	0.01	4.87	5000.0	0.0102547367039	2.90689179312e-06	0.0101627313617	8.00247596859e-06	4.49607981023	0.00394591101741	4.63322533842	0.0118370176071	83.8467536945	0.0244605125062	84.712723805	0.0776366760588
6	0.01	4.87	5250.0	0.010277960453	6.38400639538e-06	0.0102017228476	8.5796224604e-06	4.44448489666	0.00899496170636	4.56305963863	0.0130824838894	83.5267653146	0.0548621909059	84.2560270205	0.0828878435526
6	0.01	4.87	5500.0	0.0103246744102	3.37801932258e-06	0.0102298784643	7.5883079965e-06	4.35353838705	0.00489784085368	4.50277843875	0.0121190219569	82.9752066401	0.0293499186829	83.8754984256	0.0746950280768
6	0.01	4.87	5750.0	0.0103456276339	2.35558161363e-06	0.010237141905	8.68753750093e-06	4.29477274065	0.00351797899554	4.47176750588	0.0145318307496	82.6232912097	0.0209891229182	83.6818399118	0.0886836931021
6	0.01	4.87	6000.0	0.0103575311155	3.44515541003e-06	0.0102367759342	8.35372232596e-06	4.24533143168	0.005449527398	4.45073896777	0.0146483783023	82.3294568823	0.0322408573198	83.5515547533	0.0888642552243
6	0.01	4.87	6250.0	0.0103622847059	1.75435847785e-06	0.0102258254421	7.911075985e-06	4.20828245886	0.00283697691074	4.45046331111	0.0143779904262	82.1101014523	0.0168313837156	83.548532391	0.0876686623302
6	0.01	4.87	6500.0	0.0103568275318	1.13237157344e-06	0.0102160274553	9.54511968717e-06	4.19047880574	0.00190570419045	4.45080578587	0.0183424646704	82.0053844039	0.0112823350786	83.5505144673	0.111236519778
6	0.01	4.87	6750.0	0.0103516412842	1.13429329213e-06	0.0102083131653	6.12058436036e-06	4.17740230175	0.00198341362439	4.45124824018	0.0127434532998	81.9285092601	0.0117636000521	83.5530449223	0.0767352589313
6	0.01	4.87	7000.0	0.0103472043769	1.23215348618e-06	0.0102027957759	7.86243587101e-06	4.16680814169	0.0021942409326	4.45053584795	0.0158507638527	81.8661389308	0.0130375284163	83.5483066456	0.0971100354779
6	0.01	4.87	7250.0	0.0103444464312	8.72987926386e-07	0.0101977803555	6.91980770636e-06	4.15455630421	0.00161686103302	4.44982697073	0.0148430969291	81.793855619	0.0095356261529	83.5436398143	0.0899725726516
6	0.01	4.87	7500.0	0.0103420461269	1.89236174224e-06	0.0101936346397	4.88634677431e-06	4.14463427592	0.00353868774821	4.44990011273	0.0105523241956	81.7351849295	0.0209525984532	83.5437241863	0.0639000892146
6	0.01	4.87	7750.0	0.0103396067583	1.90255067769e-06	0.0101908722868	5.6541497824e-06	4.13731189837	0.00364365178468	4.44824107206	0.0120273222316	81.6918531687	0.021550092117	83.5333042114	0.073788274962
6	0.01	4.87	8000.0	0.0103342832342	1.81131401434e-06	0.0101900233801	5.76560136066e-06	4.14367311823	0.00343683925756	4.44740517586	0.0126496049374	81.7296334892	0.0204245190874	83.5287561138	0.076892325026
6	0.01	4.87	8500.0	0.0103019812916	2.83762392085e-06	0.0101949552569	6.81145032963e-06	4.23674836799	0.0051681968524	4.45592379335	0.0145211898296	82.2809385416	0.0308929660304	83.5848840336	0.0881717813408
6	0.01	4.87	8750.0	0.0102782872188	2.7953154891e-06	0.0101819130749	7.60966638914e-06	4.27315679633	0.00530429205295	4.47657465404	0.0164799699305	82.4983885343	0.0316040258248	83.7134728246	0.100786875874
7	0.07	4.87	3500.0	0.0703231157795	6.07237403943e-07	0.0710084842945	1.5401284397e-06	4.75033337517	0.000125928595342	4.75178684778	0.000295573381505	85.5495332257	0.000939171405021	85.3343824598	0.00213887150553
7	0.07	4.87	3750.0	0.0702830382855	1.70924016266e-07	0.0709256006713	9.5160623214e-07	4.75930540389	3.55451167618e-05	4.76316192642	0.000175034487418	85.6180811631	0.000267884297268	85.4294397282	0.00131587675168
7	0.07	4.87	4000.0	0.0701329096021	3.42010820288e-07	0.0706379297192	2.76833564753e-07	4.80333569336	6.57268666417e-05	4.80632771369	5.5211085537e-05	85.9618472962	0.000526290125649	85.806516795	0.000421030534524
7	0.07	4.87	4250.0	0.0699750287381	4.75929267527e-08	0.0702473292814	1.58497300438e-07	4.85248356316	8.70461703475e-06	4.85048261044	2.31278726547e-05	86.3533019187	7.41981521396e-05	86.2401686171	0.000253462274859
7	0.07	4.87	4500.0	0.0700129832901	3.68162220024e-07	0.0702291135364	1.45588447402e-07	4.85177692388	6.69368900418e-05	4.84973402458	2.33428216448e-05	86.3365807581	0.000569871541169	86.2439979799	0.000196480805027
7	0.07	4.87	4750.0	0.07010973749	2.561789239e-07	0.0704006865232	2.1669873442e-07	4.83155372056	4.73558913242e-05	4.82972436877	3.70576323201e-05	86.1651385203	0.000389792636697	86.0501878756	0.000304186904839
7	0.07	4.87	5000.0	0.0701929446467	1.91741710212e-07	0.0705612187514	2.11359034825e-07	4.81107592576	3.68209857201e-05	4.80994050574	3.86402423013e-05	85.9988161397	0.000293896270434	85.8644715031	0.000305088229892
7	0.07	4.87	5250.0	0.070254263975	1.92897132427e-07	0.0706826049258	7.41402345798e-07	4.79288962469	3.86155466993e-05	4.79321144287	0.000143582322923	85.8553303498	0.000299953558614	85.712143897	0.00109711606403
7	0.07	4.87	5500.0	0.0702878930321	1.43437178855e-07	0.0707558171382	8.14163394116e-07	4.77918877244	2.95029714397e-05	4.78118289576	0.000163477654179	85.7493241784	0.000227026201019	85.6048841165	0.00124318943301
7	0.07	4.87	5750.0	0.0702966853643	2.71065900827e-07	0.0707910699235	9.87542221519e-07	4.7700422376	5.82311585603e-05	4.77347686707	0.00016910717832	85.6798795907	0.000442571299617	85.5366520856	0.0013977510993
7	0.07	4.87	6000.0	0.070281507578	3.21874934423e-07	0.0707946964787	3.26600613513e-07	4.76530432398	7.23816630056e-05	4.7701159316	6.88946397294e-05	85.6454418832	0.000546638656532	85.5050903867	0.000515241891171
7	0.07	4.87	6250.0	0.070257838719	4.57581907808e-07	0.0707790912076	1.90759059831e-07	4.76399377986	0.0001072809908	4.76966685827	4.62110294103e-05	85.6365681315	0.000809218880808	85.4993522388	0.000342153790687
7	0.07	4.87	6500.0	0.0702277790173	2.17983877233e-07	0.0707482020024	6.21365193709e-07	4.76563631267	5.25505481514e-05	4.77193819675	0.000145359434696	85.6500599509	0.000397036186222	85.517290418	0.00107364848345
7	0.07	4.87	6750.0	0.0702053018891	3.78613654469e-07	0.0707277672047	4.0180346532e-07	4.76696124502	9.41762237231e-05	4.77313773624	0.000106339707346	85.6605890076	0.000712191176336	85.5267281893	0.000785834338569
7	0.07	4.87	7000.0	0.0701890827626	1.16118508053e-07	0.0707143017263	5.22663999383e-07	4.76779885288	2.91428321096e-05	4.77358212262	0.000123728487206	85.667006093	0.000221768430787	85.5301919075	0.00103546164232
7	0.07	4.87	7250.0	0.0701757039707	1.1724323716e-07	0.0707058451076	6.28689168853e-07	4.76821277428	3.00221307587e-05	4.77342038862	0.000175345809235	85.6701071081	0.000229554737011	85.5283283487	0.00129655151354
7	0.07	4.87	7500.0	0.0701690140062	8.92663415796e-08	0.070705216266	4.89962183198e-07	4.76774464757	2.44194648856e-05	4.77209975486	0.000138354659797	85.665938517	0.000182504102033	85.5171716835	0.00102193970618
7	0.07	4.87	7750.0	0.070165057224	2.43482054436e-07	0.0707061958878	3.89669939131e-07	4.76719469865	6.51589036274e-05	4.77067367478	0.000112309096961	85.6609380257	0.000494649503399	85.5053485389	0.000826959990459
7	0.07	4.87	8000.0	0.070165513066	1.46907254218e-07	0.0707022838916	4.02209247108e-07	4.76756874472	4.01760581806e-05	4.77059065899	0.000114518545753	85.6626633245	0.000303192260566	85.5056909968	0.000844860016355
7	0.07	4.87	8500.0	0.0702116001146	3.42329348049e-07	0.070700285741	6.86685864371e-07	4.76852270741	9.02091243751e-05	4.77120856891	0.000170519584489	85.6629216407	0.000681553588263	85.519097481	0.00126361786543
7	0.07	4.87	8750.0	0.0701796229096	9.16097572224e-08	0.0706356938778	7.91609150293e-07	4.77716323672	2.44809399371e-05	4.78068755946	0.000214609013046	85.729426967	0.000187000944543	85.6009993956	0.00161987253417
8	0.13	4.87	3500.0	0.129101599091	3.3556964371e-07	0.131637658699	5.97274597938e-07	4.90351467535	3.586197785e-05	4.83743108803	4.53920626291e-05	86.8905237621	0.000355475098908	85.8754388179	0.000389646330867
8	0.13	4.87	3750.0	0.129117701676	3.74485026935e-07	0.131502081197	6.41808025632e-07	4.90320251237	3.9916551282e-05	4.84134463127	5.34004539218e-05	86.8868288455	0.000396365974865	85.9293744959	0.000462159139478
8	0.13	4.87	4000.0	0.129192295722	1.14090746226e-07	0.131005617458	2.16070359826e-07	4.90273291798	1.12369903456e-05	4.85574632024	1.63252418476e-05	86.8713544591	0.000111528469146	86.1394627486	0.000152783591365
8	0.13	4.87	4250.0	0.129512944	1.55407428751e-07	0.130398878366	1.18858000898e-07	4.88981149503	1.42056058872e-05	4.86627706291	6.25377873228e-06	86.7075954902	0.000134293820329	86.3509290115	6.7206455236e-05
8	0.13	4.87	4500.0	0.129662022167	1.68611361547e-07	0.130405961084	1.13638525206e-07	4.8831023164	1.54481559157e-05	4.86314610339	5.53959872581e-06	86.6276760291	0.000142829496564	86.3305105111	5.94637794614e-05
8	0.13	4.87	4750.0	0.129619918898	2.28819624469e-08	0.130690581255	1.20329713114e-07	4.88500101664	2.18190962555e-06	4.85628580292	7.23899230227e-06	86.6475437711	2.08966538507e-05	86.2213719444	7.06003183657e-05
8	0.13	4.87	5000.0	0.129558220739	9.13219839658e-08	0.130953537736	7.39380307336e-07	4.88727342862	8.95113618185e-06	4.84986789447	4.13415900824e-05	86.6745814707	8.46696183668e-05	86.1196143105	0.000384907395873
8	0.13	4.87	5250.0	0.129503811472	2.79648007814e-07	0.131151747702	1.9387237063e-07	4.88884217496	2.81768589409e-05	4.8447693689	1.37191698284e-05	86.6956317623	0.000267137305265	86.0394603216	0.000115974444559
8	0.13	4.87	5500.0	0.129463170555	1.11608574342e-07	0.13127276686	6.12898742107e-07	4.88973804953	1.17408377488e-05	4.84139958697	4.65088835629e-05	86.7094202955	0.000111036677789	85.9860884826	0.000417513218471
8	0.13	4.87	5750.0	0.12942613682	9.94759248212e-08	0.13132978745	3.39101614895e-07	4.89069977473	1.09872823481e-05	4.83987772655	2.29323469654e-05	86.7235315315	0.000104655607514	85.9578867455	0.000213582444234
8	0.13	4.87	6000.0	0.129383003707	3.12389589128e-07	0.131334809879	7.52295711189e-07	4.89221376409	3.55931492338e-05	4.8400695519	6.33699205721e-05	86.744014039	0.000340593043835	85.9517436716	0.000537938241831
8	0.13	4.87	6250.0	0.129354590471	6.25991354302e-07	0.131309777155	6.0445260235e-07	4.89340702965	7.42416258315e-05	4.84103966456	7.43181573825e-05	86.7595058587	0.000711849985305	85.9583085745	0.000602533305684
8	0.13	4.87	6500.0	0.129335707328	6.91686958094e-07	0.131260556772	1.87106532411e-07	4.89442787885	8.441921694e-05	4.84266277818	1.69263498605e-05	86.7723275046	0.000809912088529	85.9757810457	0.000149973539235
8	0.13	4.87	6750.0	0.129322905518	1.49874021471e-07	0.131228905436	3.18699690107e-07	4.89525507573	1.91811006861e-05	4.84364948824	2.94213743363e-05	86.7820853888	0.000185812540258	85.9862904007	0.000271009801637
8	0.13	4.87	7000.0	0.129315336632	9.87178711085e-08	0.131210646905	3.36055271296e-07	4.89582303013	1.2532271392e-05	4.84410074395	3.26066668635e-05	86.7884517065	0.000120018105436	85.9909861828	0.000294605175518
8	0.13	4.87	7250.0	0.129307802212	1.40020636728e-07	0.131201186623	4.57775969056e-07	4.89636232452	1.84892809152e-05	4.84427146689	4.57912348634e-05	86.7944302697	0.000179158256238	85.992070931	0.000398042106821
8	0.13	4.87	7500.0	0.129305575325	1.08603843854e-07	0.131205969891	3.37650149342e-07	4.89660656407	1.46729234027e-05	4.84384112637	3.33686488502e-05	86.7965269855	0.000142723522735	85.9863194517	0.000282956296574
8	0.13	4.87	7750.0	0.129306761383	1.27396074306e-07	0.131213169237	2.57658793446e-07	4.89667989213	1.78276057291e-05	4.84329692522	2.41247053707e-05	86.7964196288	0.000173881789342	85.9795918555	0.00020610615201
8	0.13	4.87	8000.0	0.129321046714	1.27745894819e-07	0.131210911119	2.38543648928e-07	4.89610441912	1.73784480096e-05	4.84290718543	2.30814658836e-05	86.7885587699	0.000167444578848	85.977249484	0.000197686790191
8	0.13	4.87	8500.0	0.129441328552	1.19079522807e-07	0.131218042471	3.62274848878e-07	4.89035151561	1.57385715347e-05	4.84021776689	3.19986688046e-05	86.7165340751	0.000149380811713	85.9633109002	0.000288068076032
8	0.13	4.87	8750.0	0.12946186769	1.9808875801e-07	0.131110793695	2.26909089315e-07	4.88997196689	2.63181851502e-05	4.84325511059	2.74384127913e-05	86.7115987476	0.000249196255272	86.007555904	0.000225819335465
9	0.01	6.45	3500.0	0.0105298290431	1.24627432152e-06	0.0103590697099	4.13413788736e-05	5.339780382	0.00219891108934	5.67493468652	0.0839819078567	83.3088410767	0.00741333341958	84.4172857333	0.27918464945
9	0.01	6.45	3750.0	0.0104977032834	3.80622883942e-06	0.0102721272476	3.59366240776e-05	5.39747477003	0.00696896252616	5.85738028706	0.0784030525637	83.5029853067	0.0234056414133	85.0298797807	0.267022551827
9	0.01	6.45	4000.0	0.0104035078106	2.49680255253e-06	0.010244819925	7.41741505407e-06	5.64984002463	0.00431511920883	5.95907848154	0.0146904245913	84.3478819388	0.0145787930659	85.3882604907	0.050886336168
9	0.01	6.45	4250.0	0.0102225232666	1.25610853248e-06	0.0101048482451	4.68425447649e-06	6.03192315126	0.00215489077729	6.25897893365	0.00902208023268	85.6613086043	0.00765397049621	86.5006936949	0.0355531034965
9	0.01	6.45	4500.0	0.0101675534719	6.18390014653e-07	0.0100775272248	1.08440320659e-06	6.13310980718	0.00109035635039	6.30969246838	0.00205298885597	86.0289779125	0.0040456983996	86.7074740401	0.00838873094703
9	0.01	6.45	4750.0	0.010206575011	1.81030579276e-06	0.0101203419288	2.35858028842e-06	6.05117496215	0.00322060461195	6.22256467061	0.0046382466903	85.7278413927	0.011624091045	86.3580421894	0.0178606103944
9	0.01	6.45	5000.0	0.0102537240429	2.40965515798e-06	0.010163231411	7.55898717128e-06	5.94664378066	0.00437099865064	6.12927198658	0.0151452036706	85.356394397	0.0153240617366	86.002856196	0.0555297247451
9	0.01	6.45	5250.0	0.0102828574148	1.22175092511e-05	0.010201384213	4.71118995264e-06	5.86572029304	0.0231257979517	6.03610138649	0.00978217703337	85.075418734	0.0791725266916	85.6629427169	0.0348126083639
9	0.01	6.45	5500.0	0.0103257870826	3.14210690568e-06	0.0102286619768	9.49646453781e-06	5.74983957212	0.0061292225938	5.95650034549	0.0204576516063	84.6813572793	0.0206183573412	85.3810477424	0.0707482211241
9	0.01	6.45	5750.0	0.0103473078177	2.2404944922e-06	0.0102387436914	1.12327770524e-05	5.669079808	0.00452901237846	5.90827966818	0.0253643158439	84.4099596828	0.0151658264328	85.2126359196	0.0865927614414
9	0.01	6.45	6000.0	0.0103587494926	2.40268447958e-06	0.0102346219926	8.04455350141e-06	5.60295292983	0.00506561100351	5.88882203889	0.0193852568274	84.1893523459	0.0168615252067	85.1442747943	0.0660312657917
9	0.01	6.45	6250.0	0.0103631526132	3.25859791471e-06	0.0102251073822	6.64276492614e-06	5.55346189927	0.00718198942718	5.8844829874	0.0161569975295	84.0247769037	0.0238922977348	85.128953383	0.0550330766734
9	0.01	6.45	6500.0	0.0103557062771	4.0588628844e-06	0.0102166870108	5.95566760451e-06	5.53382080183	0.00913221371721	5.88183401819	0.0156255253993	83.9600117905	0.0305804934127	85.1195036834	0.0532396169831
9	0.01	6.45	6750.0	0.010352693915	1.68094121076e-06	0.0102086434754	8.99952730635e-06	5.51107375153	0.00398415540606	5.88364735518	0.0244205617912	83.8846921823	0.0132479333899	85.1253401148	0.083404852927
9	0.01	6.45	7000.0	0.0103486446957	1.22010235004e-06	0.0102032084843	7.64528189101e-06	5.49569746224	0.00297642688132	5.88218121962	0.0212372379763	83.8338185709	0.00989123542398	85.1202884337	0.0725479838392
9	0.01	6.45	7250.0	0.0103452419888	1.17927389021e-06	0.0101974175721	6.53203828703e-06	5.48057995197	0.00290575051421	5.88326582783	0.0189356899687	83.7837455241	0.0097444775835	85.1240344799	0.0643477750279
9	0.01	6.45	7500.0	0.0103432643374	1.36031108054e-06	0.0101956186288	8.98264685857e-06	5.46606371675	0.00342285711323	5.87635944133	0.0260568290562	83.7354644848	0.011409051215	85.0998858915	0.0891211582219
9	0.01	6.45	7750.0	0.0103409886079	1.09877803794e-06	0.0101914547421	8.16588110801e-06	5.45566314487	0.00280874386315	5.877985169	0.025422267387	83.7008703645	0.00936392382102	85.1055823322	0.0859146089961
9	0.01	6.45	8000.0	0.0103352180107	9.51060083155e-07	0.0101885501164	6.60302091903e-06	5.46539047395	0.00247288304007	5.88356365158	0.0197413812881	83.7333449167	0.00824468014223	85.1246012571	0.067407194019
9	0.01	6.45	8500.0	0.0103024481495	2.19916289726e-06	0.0101937890416	6.32073517117e-06	5.59273841792	0.0055626840436	5.8939522044	0.0180318367008	84.1571119109	0.0186247531683	85.163237321	0.0616182741582
9	0.01	6.45	8750.0	0.0102770295435	4.16670347247e-06	0.0101814107396	9.08151894794e-06	5.64644712865	0.0108125876876	5.9199075944	0.0268350479787	84.3371397122	0.036098893411	85.2541303333	0.0917037015729
10	0.07	6.45	3500.0	0.0703250795677	3.14388366741e-07	0.0710096207079	9.48291006618e-07	6.28754844131	8.65365536442e-05	6.28936263716	0.00025776113609	86.6359152709	0.000363750818536	86.4757934045	0.00109525260665
10	0.07	6.45	3750.0	0.0702849626686	5.22763314267e-07	0.0709268792824	1.250547428e-06	6.29970348726	0.000145545211541	6.30474620922	0.000366471373615	86.6878315498	0.000615612825489	86.5475420334	0.00150259571632
10	0.07	6.45	4000.0	0.070134465844	2.40570640748e-07	0.0706384593904	7.70446276614e-07	6.3594626089	6.29191642202e-05	6.36341550902	0.000211107463684	86.9486803331	0.000279725796894	86.8333491025	0.000925720906931
10	0.07	6.45	4250.0	0.0699759760935	2.97204887458e-07	0.0702475806276	3.9852839997e-07	6.4261245967	7.27413014186e-05	6.42340006289	9.76647908378e-05	87.2457815521	0.000346833465638	87.1614964394	0.000460762371081
10	0.07	6.45	4500.0	0.0700135255279	1.71341558513e-07	0.0702293514474	1.03967009008e-07	6.42525450107	4.20482320364e-05	6.42243517925	2.34992500318e-05	87.2336908228	0.00020037317207	87.1644518981	0.000112824617214
10	0.07	6.45	4750.0	0.0701106337033	1.36390253005e-07	0.0704010391129	1.40430746222e-07	6.39780063445	3.44376406201e-05	6.39529183001	3.45931806434e-05	87.10356889	0.000158892001578	87.0178627221	0.000157484787586
10	0.07	6.45	5000.0	0.0701942295238	1.43790456003e-07	0.070561577804	1.96317529196e-07	6.36998388222	3.7112407216e-05	6.36847391734	5.25068929137e-05	86.9772242902	0.000166177443233	86.8774777572	0.000234087868948
10	0.07	6.45	5250.0	0.0702555493363	3.02061567581e-07	0.0706833447558	4.59658066639e-07	6.34535402368	8.10157975499e-05	6.34568386559	0.000104042978501	86.8685452081	0.000353694478352	86.7618323609	0.000451583140469
10	0.07	6.45	5500.0	0.0702894454633	1.02551993177e-07	0.0707565227726	4.36583104789e-07	6.32670947513	3.04000717187e-05	6.32938226865	0.000121879727565	86.7878671244	0.000129632088457	86.6807752422	0.000518337633232
10	0.07	6.45	5750.0	0.07029784383	1.89487139141e-07	0.0707919835071	4.43966275465e-07	6.31440625031	5.47963540985e-05	6.31891276384	0.00012675864933	86.735619575	0.000233422444502	86.6290156192	0.000535593815925
10	0.07	6.45	6000.0	0.0702829377428	1.84579593153e-07	0.0707950966512	3.38486753274e-07	6.3078720333	5.66735280242e-05	6.31444942824	0.000102843398211	86.7090149894	0.000238816612481	86.6056449472	0.000420094224649
10	0.07	6.45	6250.0	0.0702590913543	2.12474316454e-07	0.0707793769304	6.24789153611e-07	6.30611169065	6.67014382136e-05	6.31386220312	0.00024333439547	86.7023416918	0.000282697159879	86.6014287617	0.000928918764167
10	0.07	6.45	6500.0	0.0702286106188	4.47634522674e-07	0.0707487453711	2.15841549848e-07	6.30843582539	0.000146678743574	6.31685376488	8.19686726846e-05	86.7129673674	0.000620488019459	86.6146624197	0.000335000376371
10	0.07	6.45	6750.0	0.0702061565743	5.01558719168e-07	0.0707279780265	4.40660541698e-07	6.3101923771	0.000168405957882	6.31856356059	0.000149484455805	86.7207781582	0.000714529585259	86.6221632532	0.000624458961639
10	0.07	6.45	7000.0	0.0701901205772	5.49609138803e-07	0.0707145929924	4.61350634786e-07	6.31123758722	0.00018990406077	6.3191428241	0.00015131926133	86.725261047	0.000804490692137	86.6246249384	0.00060826239443
10	0.07	6.45	7250.0	0.0701764854178	4.54503874931e-07	0.0707063160253	3.14579813457e-07	6.31186155212	0.000159834461635	6.31883600361	9.68197696139e-05	86.7278818484	0.000678052388614	86.6229352391	0.000412641323654
10	0.07	6.45	7500.0	0.0701696572027	4.31816612881e-07	0.0707055881083	2.10999584127e-07	6.3112546267	0.00015597830432	6.31709655	8.00789388492e-05	86.7248522231	0.000659211032065	86.6146987842	0.000331714517807
10	0.07	6.45	7750.0	0.0701660955535	9.45823940228e-07	0.0707065639803	2.74248589747e-07	6.31034937715	0.000341844029536	6.31516547699	0.00010983331975	86.7203960549	0.00145120411931	86.6057592906	0.000453029854132
10	0.07	6.45	8000.0	0.0701659995535	3.71364708056e-07	0.0707027461038	2.39375277116e-07	6.31104910251	0.000135419591396	6.31501879198	9.95165385519e-05	86.722541536	0.000574210330084	86.6058592025	0.000408689908384
10	0.07	6.45	8500.0	0.0702126260662	2.91051433604e-07	0.0707006205138	6.63977592235e-07	6.31219205607	0.000103665405562	6.31596140053	0.000241397644818	86.7222080231	0.000438466104	86.616312016	0.00100060731
10	0.07	6.45	8750.0	0.070180619713	4.50910864016e-07	0.0706362608042	4.78995154447e-07	6.32389358193	0.000161234992002	6.32869048589	0.00016120060351	86.7725653069	0.000688887373485	86.6777981936	0.000723832014144
11	0.13	6.45	3500.0	0.129101528729	3.45200715798e-07	0.131638953028	5.5456002227e-07	6.49526627056	4.95750869602e-05	6.40485277572	6.61518276405e-05	87.6518076363	0.000275357410957	86.8854676669	0.000311383488594
11	0.13	6.45	3750.0	0.129117593423	3.26073579884e-07	0.131502337977	2.62320427673e-07	6.49486871131	4.70957168407e-05	6.41033600743	3.01980755333e-05	87.6491339361	0.00026092103245	86.9268000199	0.000145512058399
11	0.13	6.45	4000.0	0.129192167604	1.30618937884e-07	0.13100644133	2.48539736402e-07	6.49432479614	1.7523838471e-05	6.43003816337	2.3500674251e-05	87.6379844748	9.7154246082e-05	87.085292269	0.000122854873191
11	0.13	6.45	4250.0	0.129512799892	4.63275305438e-08	0.130399194016	1.54117427392e-07	6.47687997477	5.75598337688e-06	6.44469453533	1.36062592136e-05	87.5147836992	3.07538262404e-05	87.2453411437	7.36358446173e-05
11	0.13	6.45	4500.0	0.129662052817	3.32187317495e-08	0.130406382538	1.63549736713e-07	6.4677561921	4.18601006173e-06	6.44047833467	1.42183689029e-05	87.4543342269	2.19334710937e-05	87.2298701174	7.66552300771e-05
11	0.13	6.45	4750.0	0.129619825235	5.572139155e-08	0.130691328964	1.24194773876e-07	6.47030805318	7.1413466181e-06	6.43102506804	1.10965357753e-05	87.4692855852	3.74843482432e-05	87.1472459975	5.85710883849e-05
11	0.13	6.45	5000.0	0.129558226672	1.81724727873e-07	0.130954125361	1.66544101411e-07	6.47333976837	2.39129409231e-05	6.4222316117	1.68695114029e-05	87.4894745365	0.000125552565264	87.0704921842	8.49020103409e-05
11	0.13	6.45	5250.0	0.129504102262	1.35643131476e-07	0.131152903034	1.6256274414e-07	6.47539428089	1.862428832e-05	6.41514567798	1.69571955608e-05	87.504986849	9.79460651914e-05	87.0095500544	8.07075470112e-05
11	0.13	6.45	5500.0	0.129463032425	7.9574236511e-08	0.131273221455	4.0722213487e-07	6.47663827974	1.14032861812e-05	6.4105820088	4.90739793952e-05	87.5155367435	6.03712594681e-05	86.9695819837	0.000216290235011
11	0.13	6.45	5750.0	0.129426057415	2.47768041985e-07	0.131330892743	3.85556415282e-07	6.47790759752	3.67353775566e-05	6.40838761136	4.52690339255e-05	87.5259887452	0.000195457316906	86.9478640479	0.000217375622798
11	0.13	6.45	6000.0	0.129382982239	5.64428339182e-07	0.131335359145	2.80594565e-07	6.47992889694	8.71261912616e-05	6.40869432966	3.53402286772e-05	87.5412581643	0.000465364339023	86.9435715306	0.000162687758737
11	0.13	6.45	6250.0	0.129354697977	1.56027439113e-07	0.131310695557	1.32154643771e-07	6.4815076188	2.54376139545e-05	6.40996053917	1.78113778241e-05	87.5527277767	0.000136918429463	86.9483383194	8.55603593691e-05
11	0.13	6.45	6500.0	0.129335312619	1.13956730842e-07	0.131261412215	3.96095981573e-07	6.48296181828	1.89322684906e-05	6.41215332625	5.41279031718e-05	87.5627681759	0.000102004266964	86.9614812961	0.000247741512662
11	0.13	6.45	6750.0	0.129322456556	1.59166695249e-07	0.131229621705	6.70689763069e-07	6.48408158765	2.70621020468e-05	6.41350791464	9.10359427084e-05	87.5701242018	0.0001464775704	86.9695022153	0.00045691134318
11	0.13	6.45	7000.0	0.129314885638	2.15704957461e-07	0.13121129709	5.61138322734e-07	6.48484103297	3.75612552427e-05	6.41413113572	8.28217268754e-05	87.5748778171	0.000203175468286	86.9730823978	0.000392396721378
11	0.13	6.45	7250.0	0.129307300678	2.79497952492e-07	0.131201884435	6.0789869097e-07	6.48556949844	4.96540163183e-05	6.41435354956	9.10462481731e-05	87.5793840801	0.000268870180403	86.9738711512	0.000434097740765
11	0.13	6.45	7500.0	0.129305044657	2.39967227502e-07	0.131206720891	4.12248528034e-07	6.4858924351	4.33511344645e-05	6.41375744075	6.15108043703e-05	87.5809361679	0.000234940055868	86.969491394	0.000297382113775
11	0.13	6.45	7750.0	0.12930627693	3.60155759298e-07	0.131213860875	5.67522302867e-07	6.48597153205	6.61502012002e-05	6.41302880405	8.83469041882e-05	87.5807623623	0.000358042848074	86.9644653647	0.000415725169191
11	0.13	6.45	8000.0	0.129320454403	2.19217796171e-07	0.131211633643	5.10677621651e-07	6.48520714153	4.05129559524e-05	6.41249369607	7.89195825597e-05	87.5749282786	0.000218715591179	86.96264988	0.00038014265968
11	0.13	6.45	8500.0	0.129440888765	2.12330300367e-07	0.131219052768	3.92644707507e-07	6.47740399432	3.78148743925e-05	6.4088452191	5.70270470845e-05	87.5205970646	0.000200787825357	86.9519237859	0.000286191622037
11	0.13	6.45	8750.0	0.129461388569	1.68876243156e-07	0.131111559724	4.24898854237e-07	6.47691451775	3.0538247807e-05	6.41304930769	5.37649645882e-05	87.5169908284	0.000162003518009	86.9855239053	0.000269196841041
12	0.01	9.52	3500.0	0.0105309074104	1.86356169678e-06	0.0102683457261	2.18288106391e-05	7.85394530472	0.005088743116	8.64913524721	0.0715795200285	85.4535112416	0.00778294821494	86.6535529573	0.110590560011
12	0.01	9.52	3750.0	0.010499083638	1.69787144873e-06	0.0102664296875	1.67968660051e-05	7.939552446	0.00476006088264	8.65137877644	0.0537949256636	85.5844958696	0.00722124945093	86.6586604386	0.0836564510587
12	0.01	9.52	4000.0	0.0104043854218	2.35682572536e-06	0.0102485743943	6.30261314669e-06	8.31953398656	0.00624743611252	8.77403657253	0.0189609919048	86.1624466688	0.00949801366587	86.8561301079	0.0297273784621
12	0.01	9.52	4250.0	0.0102227424291	1.45130375468e-06	0.0101021000116	2.43190554038e-06	8.89376381469	0.0037663817052	9.24201570253	0.00696201697613	87.0581942324	0.00608469972399	87.6430603614	0.0123230088965
12	0.01	9.52	4500.0	0.0101678203316	7.33354102585e-07	0.0100776938522	1.18831276929e-06	9.04510873138	0.00193662316647	9.30953246931	0.00343378128352	87.3075864457	0.00325628701158	87.7682666941	0.00635433260993
12	0.01	9.52	4750.0	0.0102062596612	1.74556345186e-06	0.0101200994277	5.1020307528e-06	8.92390098476	0.00458986706201	9.18044125073	0.0151245605616	87.105589093	0.00755772664408	87.5334892691	0.0263722909721
12	0.01	9.52	5000.0	0.0102547449188	3.08615452153e-06	0.0101628593223	5.06274403595e-06	8.76371441221	0.00848381103931	9.04104468435	0.0151266876391	86.8474323922	0.0133543590862	87.2928354566	0.0252647062741
12	0.01	9.52	5250.0	0.0102777506687	9.1478285673e-06	0.0102028905754	4.1861109879e-06	8.65991855753	0.0260075733031	8.89596127401	0.0131270530471	86.6835188932	0.040503380261	87.0528798399	0.0210053304006
12	0.01	9.52	5500.0	0.0103254807533	3.7633654938e-06	0.0102304247361	1.01408292087e-05	8.47256741634	0.0110323798236	8.77586214589	0.0328617860306	86.3942299047	0.0168459035794	86.8600748058	0.0518629153407
12	0.01	9.52	5750.0	0.0103442937228	4.58020025049e-06	0.0102404490507	1.1822184201e-05	8.35956092756	0.0137619029867	8.70351993054	0.0402690548211	86.2218524171	0.0209830723102	86.7455443081	0.0624615566705
12	0.01	9.52	6000.0	0.0103592489367	2.07919773684e-06	0.0102367402495	6.8874582072e-06	8.2499524675	0.00654996772203	8.67254274878	0.0242821832535	86.0556075535	0.0099338855824	86.6963201639	0.0377076561043
12	0.01	9.52	6250.0	0.0103617471579	3.46997461442e-06	0.01022582673	7.79486684233e-06	8.18170573438	0.0112661450514	8.67153746322	0.0291877842704	85.9526508568	0.0171114612754	86.6942477124	0.0451090891973
12	0.01	9.52	6500.0	0.010358878758	1.82949398684e-06	0.0102160977606	9.73222132416e-06	8.13709943783	0.00633311862641	8.67204585284	0.0378153919229	85.8854510911	0.00946477905379	86.6948337419	0.0585855195471
12	0.01	9.52	6750.0	0.0103536418053	2.19226680991e-06	0.0102086058715	8.87602221017e-06	8.11036710266	0.00769812856217	8.67168592551	0.0352048304816	85.8453324025	0.011663186386	86.6943883024	0.0545942132883
12	0.01	9.52	7000.0	0.0103490290071	2.03329286074e-06	0.0102038731072	8.23308782735e-06	8.08927276552	0.0073439066818	8.66638505038	0.0350229130051	85.8136287056	0.0111237904513	86.6860893058	0.0543140002216
12	0.01	9.52	7250.0	0.0103460525974	1.45408750546e-06	0.0101989465552	7.83129077672e-06	8.06506168497	0.00544716675691	8.66535639673	0.0344635774171	85.7771490558	0.00824867384716	86.6841912384	0.0529816595039
12	0.01	9.52	7500.0	0.010343945525	1.63490106945e-06	0.0101934293981	6.09274185365e-06	8.04363041976	0.00608605323073	8.67064944116	0.0271707371032	85.7447816729	0.00928005172468	86.6923400554	0.041810689577
12	0.01	9.52	7750.0	0.0103416315928	1.20653819291e-06	0.0101903067816	6.87263706715e-06	8.0281530401	0.00461731994898	8.66931110692	0.0306145590338	85.7213788417	0.0070120140316	86.689959894	0.0473450204861
12	0.01	9.52	8000.0	0.0103356909744	1.29237998631e-06	0.010189139252	6.4383668946e-06	8.0434298717	0.00502774240012	8.66932902627	0.0294242624523	85.7445385069	0.00763379888217	86.6902855424	0.0453180927968
12	0.01	9.52	8500.0	0.0103033764577	1.92656737357e-06	0.0101941098188	7.53777237796e-06	8.23270504145	0.00726963657059	8.68617407768	0.0324083416661	86.030672769	0.0110199143752	86.7184531316	0.0500826112993
12	0.01	9.52	8750.0	0.0102775595946	3.84079847942e-06	0.010183494329	7.88907817102e-06	8.3144798128	0.0145389751406	8.71727229086	0.0344418423315	86.1552588591	0.0222150743334	86.7681272643	0.0535385227309
13	0.07	9.52	3500.0	0.0703266524146	5.9701855692e-07	0.0710098345242	2.79035253424e-07	9.27593665393	0.000248217402175	9.27881042086	0.000116845846717	87.7187833341	0.000470474886776	87.6119631627	0.000214373470769
13	0.07	9.52	3750.0	0.0702859829319	3.00483297514e-07	0.0709272976936	5.20125808614e-07	9.29438884157	0.000126692644773	9.30179413266	0.000220422780012	87.7544580059	0.000241348822962	87.6604712634	0.0004133452308
13	0.07	9.52	4000.0	0.0701352703211	3.48399183927e-07	0.0706390816229	4.27459190844e-07	9.38409664145	0.000136768245139	9.38974048138	0.000140681479499	87.9317694563	0.000275635456849	87.8542291605	0.000332826320974
13	0.07	9.52	4250.0	0.0699763503119	2.44462244187e-07	0.0702478371768	7.96381809661e-08	9.48414917526	8.83061188932e-05	9.4799285688	2.15427135329e-05	88.1338035587	0.000192540886369	88.0769740611	4.66740815369e-05
13	0.07	9.52	4500.0	0.0700141196256	7.0365016271e-08	0.0702297142397	1.85499389236e-07	9.48274908824	2.59920041228e-05	9.47847795291	6.06210827612e-05	88.1254668015	5.60681369588e-05	88.0788917038	0.000131090574367
13	0.07	9.52	4750.0	0.0701114549258	8.74565790217e-08	0.0704014293951	5.85023494145e-07	9.44152340273	3.2437419678e-05	9.43775046037	0.00020224006986	88.0370013291	6.97223266762e-05	87.9794894959	0.000421277486577
13	0.07	9.52	5000.0	0.0701952329694	5.61345140776e-08	0.0705621754002	7.41675758547e-07	9.3997618708	2.19324933453e-05	9.39743714886	0.000270408052643	87.9511046562	4.42752881064e-05	87.8841436961	0.000544543500281
13	0.07	9.52	5250.0	0.0702566244743	1.01429838111e-07	0.0706833339421	3.18275691689e-07	9.3628030576	4.01803957084e-05	9.36349222679	0.000124676197259	87.8772501815	8.19646399971e-05	87.8062077279	0.000243552723965
13	0.07	9.52	5500.0	0.0702903367228	1.70853841638e-07	0.070757229248	1.12862034247e-06	9.33490553927	7.12541401713e-05	9.33868597767	0.000414815175388	87.8225789177	0.000138424453103	87.7505825071	0.000830520437259
13	0.07	9.52	5750.0	0.0702990472269	1.09983591968e-07	0.0707919292161	3.79131536409e-07	9.31629447534	4.71636257802e-05	9.3233266863	0.000179804681761	87.7867809163	9.12306035405e-05	87.7161284738	0.000312660274987
13	0.07	9.52	6000.0	0.0702841862797	1.24191925609e-07	0.0707959056224	9.63731908805e-07	9.30643318147	5.80719857835e-05	9.3161675205	0.000394735629804	87.7685822317	0.000109968320633	87.699422569	0.000745893782876
13	0.07	9.52	6250.0	0.0702602757326	1.38995470395e-07	0.0707804101955	6.8633045629e-07	9.30377514399	6.54080970927e-05	9.31517636076	0.000325862601549	87.7640094803	0.000125878368235	87.6963687559	0.00061173888571
13	0.07	9.52	6500.0	0.0702295708245	1.53823259525e-07	0.0707494525742	8.061233507e-07	9.30732305616	7.62978422094e-05	9.31981294933	0.000383150380856	87.7713395225	0.000145799180042	87.7056705773	0.000747559594829
13	0.07	9.52	6750.0	0.0702069915727	1.73760527144e-07	0.0707284787639	1.1320196164e-06	9.30998388124	8.94044570595e-05	9.32250073172	0.000592450347136	87.7766923724	0.000170237299745	87.7109627885	0.00112137495765
13	0.07	9.52	7000.0	0.070190654728	2.24241143217e-07	0.0707145344665	1.07579206864e-06	9.31167576085	0.0001168028026	9.32367243961	0.000558390329311	87.7799766434	0.000223529136817	87.7132082048	0.00105131526634
13	0.07	9.52	7250.0	0.0701772320611	3.08772927258e-07	0.0707065148726	9.42033566814e-07	9.3124726383	0.000163611673739	9.32306960183	0.000526000415528	87.7814915266	0.0003136211245	87.7117905582	0.000992353791403
13	0.07	9.52	7500.0	0.070170494187	3.22677997309e-07	0.0707062978841	6.55778278437e-07	9.31148821235	0.000173474457835	9.32014778996	0.000368562968002	87.7792967349	0.000333212394186	87.7056187189	0.000692676271784
13	0.07	9.52	7750.0	0.0701663542162	2.13570980648e-07	0.0707071921389	8.58074150663e-07	9.31042141473	0.000117602209814	9.31729435806	0.00049125276301	87.7768374097	0.000224693793289	87.6996332625	0.000922536911757
13	0.07	9.52	8000.0	0.0701667968199	1.92898784534e-07	0.0707034582316	6.71556198749e-07	9.31117133967	0.000106398034161	9.31702578173	0.000378740305556	87.7777269584	0.000203694931032	87.6996025731	0.000709928480556
13	0.07	9.52	8500.0	0.0702134253479	1.00458384429e-07	0.0707007580442	3.15346404729e-07	9.31293847199	5.35214913555e-05	9.31881539327	0.000185180004037	87.7776498694	0.000102593155585	87.7073363367	0.000347640728039
13	0.07	9.52	8750.0	0.070180955465	1.98640234987e-07	0.0706362406189	8.32028251047e-07	9.33071803321	0.000108331387837	9.33798607157	0.000438053912434	87.8122931829	0.000208777839358	87.749156676	0.000929809478212
14	0.13	9.52	3500.0	0.129101569608	1.95086251291e-07	0.131639550646	5.21046465399e-07	9.58771802561	4.27641981059e-05	9.45128108739	7.37312730756e-05	88.4088066274	0.000106515974411	87.8897883735	0.000165738690293
14	0.13	9.52	3750.0	0.129117643187	2.41962644279e-07	0.131503161223	8.28418779307e-07	9.58714074021	5.21201407455e-05	9.459516503	0.000174839446378	88.4070315588	0.000130972543479	87.9177121763	0.000355098996091
14	0.13	9.52	4000.0	0.129192275556	9.60669270464e-08	0.131006590135	4.21343945151e-07	9.5864093795	1.92872091523e-05	9.48945191867	6.55110456572e-05	88.399701953	4.80118290019e-05	88.025445589	0.000149651868361
14	0.13	9.52	4250.0	0.129512818654	4.37250684209e-08	0.130399363823	1.03929304692e-07	9.56032976445	8.19677488485e-06	9.51177797034	9.9263102301e-06	88.3164893493	1.97470726365e-05	88.1339362645	2.85821012448e-05
14	0.13	9.52	4500.0	0.129662031219	1.81040388877e-07	0.130406603768	1.34819772217e-07	9.54664137327	3.35715469962e-05	9.50548419608	1.44132221898e-05	88.275553807	7.86630929084e-05	88.1234355865	3.98042289805e-05
14	0.13	9.52	4750.0	0.129619850036	2.72231088364e-08	0.130691688089	1.02475322379e-07	9.55042189491	5.23683512175e-06	9.49115937994	1.34704240251e-05	88.2856016068	1.25505622017e-05	88.0673852054	3.57859745413e-05
14	0.13	9.52	5000.0	0.129558228368	1.39516559928e-07	0.130954500281	5.9688522957e-07	9.55493689928	2.74625413321e-05	9.47782703011	8.30589025643e-05	88.2992132562	6.56715537215e-05	88.0153249241	0.000190526867099
14	0.13	9.52	5250.0	0.129503978862	4.02865868007e-07	0.131153441244	1.96586180513e-07	9.55800987372	8.2152264262e-05	9.46707560595	2.94639445237e-05	88.3096987086	0.000196128750939	87.9739697758	6.85283090275e-05
14	0.13	9.52	5500.0	0.129463150482	1.02245101601e-07	0.131273736067	9.00931142326e-07	9.55979449714	2.23338533853e-05	9.46014458981	0.000131742618262	88.3166432235	5.38833657247e-05	87.946863033	0.000326970676998
14	0.13	9.52	5750.0	0.129426159024	2.07605988788e-07	0.131331460758	1.55947356452e-07	9.56167356875	4.60698008691e-05	9.4568045782	1.88390749115e-05	88.3236535381	0.000110952220205	87.9321201857	4.82368945321e-05
14	0.13	9.52	6000.0	0.129382854487	3.56262869827e-07	0.131335708852	7.73780612225e-07	9.56473409248	8.23726936573e-05	9.45726677969	0.00016695028662	88.3340521682	0.00019916820632	87.9292736419	0.000358209072433
14	0.13	9.52	6250.0	0.129354443346	6.0398625933e-07	0.131311030745	2.68423224048e-07	9.56711471595	0.000144662925972	9.45916757362	4.42810316577e-05	88.3418424763	0.00035072175746	87.9325270502	0.000100419390319
14	0.13	9.52	6500.0	0.129335303783	3.71946331333e-07	0.131261802487	3.39989847127e-07	9.56922478884	9.13850561953e-05	9.46244513588	5.98817490893e-05	88.3484640623	0.000221729316669	87.9413983563	0.000135061395252
14	0.13	9.52	6750.0	0.129322376999	1.29306490124e-07	0.131230131577	3.93518389445e-07	9.57090938179	3.31795226649e-05	9.46445359081	7.12018739278e-05	88.3534572571	8.1104640202e-05	87.9467690841	0.00016084322377
14	0.13	9.52	7000.0	0.129314748542	1.28223108791e-07	0.131211664374	5.23010625307e-07	9.57205109243	3.37177530061e-05	9.4654186067	0.00010398036783	88.3566850238	8.2536027632e-05	87.9492689413	0.000229872321509
14	0.13	9.52	7250.0	0.129307077634	1.13270090056e-07	0.131202439143	3.65088197997e-07	9.57315281012	3.03787322044e-05	9.46571115524	7.66032867334e-05	88.3597617594	7.46337819672e-05	87.9497169796	0.000168337098992
14	0.13	9.52	7500.0	0.129304849775	1.58898429101e-07	0.131207135001	3.60000732347e-07	9.57361573718	4.31736851648e-05	9.46483934171	7.83000149151e-05	88.360767052	0.000106180622204	87.9468097342	0.000169866748654
14	0.13	9.52	7750.0	0.129305938293	1.68870197996e-07	0.131214221013	4.79095658084e-07	9.57375898281	4.86182580019e-05	9.4637446058	9.64847376507e-05	88.3607174905	0.000119379530815	87.9434135141	0.000211874503377
14	0.13	9.52	8000.0	0.129320168699	1.1053655003e-07	0.131212113787	2.7639877719e-07	9.57259648867	2.96922792142e-05	9.46292586361	5.99730360525e-05	88.3567341133	7.23430314477e-05	87.9421359787	0.000129562404644
14	0.13	9.52	8500.0	0.129440684451	8.93980550094e-08	0.131219413477	3.98278890511e-07	9.56089119875	2.42799668406e-05	9.45752587919	6.49513408731e-05	88.3199638977	5.82161699438e-05	87.9349378561	0.000155246474069
14	0.13	9.52	8750.0	0.129461166326	1.51364177304e-07	0.131112125962	2.10789631739e-07	9.56018057537	4.11005200043e-05	9.46383947806	4.44237681266e-05	88.3175720161	9.85784491681e-05	87.9576191483	0.000100062222982
15	0.01	18.18	3500.0	0.0105319098975	1.49928842039e-06	0.0103594692565	4.73439850512e-05	14.9640794879	0.00789495709683	15.9421124569	0.278220932475	87.6141815212	0.00328935380278	88.0148020653	0.114333693906
15	0.01	18.18	3750.0	0.0104998117965	1.49985293316e-06	0.0102655997092	1.49571252858e-05	15.1306412882	0.00805830446163	16.5118184264	0.0946613539007	87.6836481061	0.00333795208993	88.2516127398	0.0397234437713
15	0.01	18.18	4000.0	0.0104039413985	3.35937675455e-06	0.0102488182421	7.05804968563e-06	15.8696601048	0.0172541152508	16.7419166764	0.0408696869259	87.9899274243	0.00712861505621	88.3525368374	0.0174254060741
15	0.01	18.18	4250.0	0.0102226777469	1.6854050718e-06	0.0101028908243	2.54815973041e-06	16.9742009825	0.00823141856754	17.6403905996	0.0136377136091	88.4592025203	0.0036669711148	88.7636167771	0.00672690038926
15	0.01	18.18	4500.0	0.0101679253064	6.03849705953e-07	0.0100781559567	1.14951307453e-06	17.264929173	0.00307739147412	17.7721968467	0.00637068346104	88.5896068193	0.0014081298734	88.8300765595	0.00320800876359
15	0.01	18.18	4750.0	0.0102060724669	1.4547230659e-06	0.0101176677064	5.6281340332e-06	17.0329616681	0.00765012243982	17.5397222927	0.0320273730552	88.4843633232	0.00337088070766	88.714809815	0.0152789832884
15	0.01	18.18	5000.0	0.0102549897802	2.43108425247e-06	0.010161821025	3.50184797182e-06	16.7220112515	0.0130928651832	17.2637089368	0.0204376860434	88.3479381415	0.005586858125	88.5848969085	0.00926212387726
15	0.01	18.18	5250.0	0.0102871363268	1.3733650217e-05	0.0102044041638	3.66817968869e-06	16.4718202608	0.0747151306309	16.9690795071	0.0224836897761	88.2407507704	0.0316282086175	88.4523583695	0.00972049282646
15	0.01	18.18	5500.0	0.0103262826326	3.72518205896e-06	0.0102300888982	9.53982456664e-06	16.1577132138	0.0210375701147	16.7484043601	0.0585686314926	88.1087769361	0.00875270917751	88.355949105	0.0250953043235
15	0.01	18.18	5750.0	0.01034351597	7.77428895737e-06	0.0102408576558	1.0513091713e-05	15.9492437555	0.0451822991275	16.604586774	0.0684621444625	88.0221165613	0.0187513964579	88.2939264364	0.0288423682888
15	0.01	18.18	6000.0	0.0103599997218	1.73904824338e-06	0.0102336726511	8.32518623342e-06	15.7285215684	0.0105682336354	16.5676078621	0.0572658851022	87.9309436734	0.00436580856204	88.2777878363	0.0241336206291
15	0.01	18.18	6250.0	0.0103616583019	4.1113000464e-06	0.0102258078452	9.29707168228e-06	15.6023435509	0.0258842570873	16.545286046	0.0667926973644	87.8790533862	0.0107041281338	88.2680186176	0.028176481646
15	0.01	18.18	6500.0	0.0103576783192	3.47170826797e-06	0.0102162290206	8.85441682137e-06	15.5229590217	0.0226819665601	16.5452416153	0.0674885175091	87.8465619439	0.00938199161618	88.2679534267	0.0283416414227
15	0.01	18.18	6750.0	0.0103497822135	6.80421538226e-06	0.0102084500074	4.71612252302e-06	15.4900417839	0.0462204846026	16.5476653105	0.0374463824418	87.8331320777	0.0191125962102	88.2688771576	0.0156378119451
15	0.01	18.18	7000.0	0.0103496010642	2.00372529055e-06	0.0102032672228	7.25980373839e-06	15.4192457829	0.0139989030543	16.5424865121	0.0588539536769	87.8040268287	0.00577540526498	88.2666210867	0.02474416392
15	0.01	18.18	7250.0	0.0103463764789	1.79509825195e-06	0.0101985388449	7.37273646696e-06	15.3742967634	0.0129015918896	16.536921156	0.0610805744433	87.7855630059	0.00531847436956	88.2642726101	0.0257545875078
15	0.01	18.18	7500.0	0.0103445308255	1.02561978984e-06	0.0101938084504	7.13413495792e-06	15.3309272455	0.00794134293779	16.5407653971	0.0614470518883	87.7677166391	0.00320804594761	88.2657798742	0.0257867841758
15	0.01	18.18	7750.0	0.0103418382762	1.44442735007e-06	0.0101905538374	5.61493477674e-06	15.3038288539	0.0108274476152	16.5388353157	0.0480124473678	87.7565493055	0.00448006871361	88.264863452	0.0202057359728
15	0.01	18.18	8000.0	0.0103360142341	1.86522344129e-06	0.0101895887573	6.57417384095e-06	15.3322728731	0.0136110222537	16.5362464831	0.0573422099521	87.768314333	0.0056331957335	88.2639843468	0.0241100111551
15	0.01	18.18	8500.0	0.0103041911784	1.492909629e-06	0.0101960225232	6.35501049336e-06	15.6938522446	0.0109832334695	16.5581193554	0.0527252618508	87.9172588467	0.00451043417418	88.2742059386	0.0222309509757
15	0.01	18.18	8750.0	0.0102783233504	2.40701744855e-06	0.010182334214	9.69446079314e-06	15.8519628508	0.0177715997197	16.6440708879	0.0817884336338	87.9828567501	0.00735891280717	88.3112229039	0.0346845006001
16	0.07	18.18	3500.0	0.0703273626857	2.06984623755e-07	0.0710104240917	1.01277368082e-06	17.7090615864	0.000161077758136	17.7142052782	0.00084551952819	88.8049057632	8.39435877462e-05	88.7492061735	0.000422899353657
16	0.07	18.18	3750.0	0.0702867100243	5.45649388628e-07	0.0709279618627	8.28795433678e-07	17.7446183499	0.000441071199664	17.7584675557	0.000686281636174	88.8235991371	0.000229023387897	88.774593216	0.000348901555486
16	0.07	18.18	4000.0	0.0701364817651	2.02323771386e-07	0.0706383605297	6.97444502475e-07	17.9172462808	0.000154246946327	17.9292134382	0.000559357214344	88.916381842	8.48537001998e-05	88.8766959075	0.000351081537154
16	0.07	18.18	4250.0	0.0699767796822	4.7243526221e-07	0.07024795723	2.46941642039e-07	18.1106660751	0.000335158390204	18.1025293769	0.000146834965575	89.0226290038	0.000196753509282	88.9930470184	8.22139721847e-05
16	0.07	18.18	4500.0	0.0700143336168	1.1914891854e-07	0.0702295657382	1.34169198783e-07	18.1081087745	8.46096356316e-05	18.09996704	9.2037361028e-05	89.0183624257	4.95640583154e-05	88.9941635319	5.38525164545e-05
16	0.07	18.18	4750.0	0.0701117981326	1.00766236126e-07	0.0704014020691	2.30403132326e-07	18.0285609936	7.21754897698e-05	18.0213526704	0.000158179346563	88.9719423343	4.15995729842e-05	88.9420458022	8.95271188015e-05
16	0.07	18.18	5000.0	0.0701957100352	1.2957469142e-07	0.0705621218096	2.22323802772e-07	17.9479640089	9.59584901132e-05	17.9436238467	0.000158549383414	88.9268582555	5.30542200141e-05	88.8921037061	8.67470928911e-05
16	0.07	18.18	5250.0	0.0702571512761	1.90019572528e-07	0.070684008412	4.84381090486e-07	17.8766707292	0.00014647695809	17.8775531234	0.00031813187332	88.8881117245	7.91583562497e-05	88.8509511769	0.000172474315969
16	0.07	18.18	5500.0	0.0702912807188	2.84787344222e-07	0.0707573204568	2.68397401338e-07	17.8225298597	0.000227441672641	17.8302807467	0.000212747270212	88.8592561354	0.000119772764352	88.822090414	0.000111350736229
16	0.07	18.18	5750.0	0.07029967743	2.76571952791e-07	0.070792528746	6.40000274836e-07	17.7868624547	0.000233213729277	17.800125363	0.000528053757453	88.840597426	0.000121798836836	88.8037853117	0.000280345348135
16	0.07	18.18	6000.0	0.070284702505	2.42880385145e-07	0.0707957192757	7.56170306996e-07	17.7678995465	0.000213928090597	17.7870874862	0.000410297088871	88.8310777234	0.000111202434247	88.7954281155	0.000266460737029
16	0.07	18.18	6250.0	0.0702607498244	2.68974001467e-07	0.0707801615786	1.0703180424e-06	17.7627649001	0.000247291028864	17.7850306152	0.000791804531197	88.8286726773	0.000128244873614	88.7937907041	0.000435855520541
16	0.07	18.18	6500.0	0.0702299504273	3.1525794944e-07	0.0707493062337	2.9568510744e-07	17.7696501833	0.000299125089466	17.7940158943	0.000310427621716	88.8325373429	0.000155704635088	88.7986392353	0.000158962231805
16	0.07	18.18	6750.0	0.0702074065167	3.62150948102e-07	0.0707285951151	2.62626892272e-07	17.774709291	0.000352323669205	17.7988936382	0.000266277780613	88.8353062801	0.0001837422919	88.8012763648	0.0001362911133
16	0.07	18.18	7000.0	0.0701910823706	4.54367648124e-07	0.0707151739049	3.28508246739e-07	17.7779237802	0.000453050183562	17.8005981997	0.000328236703582	88.8370041057	0.000236123940248	88.8021689397	0.000168065732809
16	0.07	18.18	7250.0	0.0701776898948	6.11254873667e-07	0.0707067139863	2.78255611215e-07	17.77939654	0.000622619567624	17.7998879268	0.000304996069451	88.8377656382	0.000324763074391	88.801659383	0.000156211696708
16	0.07	18.18	7500.0	0.0701707847656	5.11615670248e-07	0.0707061274395	4.13505735804e-07	17.7776418806	0.000531323825967	17.7946680089	0.000498772185497	88.8366914866	0.000276955085058	88.7986368534	0.00025471662862
16	0.07	18.18	7750.0	0.0701665599307	2.94312775784e-07	0.0707069406083	2.51818436321e-07	17.7756496263	0.000312791686702	17.7892586889	0.000286443329092	88.835437776	0.000162379708842	88.7955474525	0.000146083854456
16	0.07	18.18	8000.0	0.0701671475791	5.60310968757e-07	0.0707031798873	7.79551530162e-07	17.7769364301	0.00059369295039	17.7887860697	0.000882417928175	88.8358235725	0.000309435644324	88.7955524288	0.000451184045828
16	0.07	18.18	8500.0	0.0702136723958	1.68792821551e-07	0.0707014341222	4.0701396874e-07	17.7805061746	0.000173655352232	17.791230272	0.000415815655159	88.8358835228	9.05561033438e-05	88.799069476	0.000212652437596
16	0.07	18.18	8750.0	0.0701814383076	4.4670562593e-07	0.0706367001146	3.99824963834e-07	17.8145307609	0.000459200499531	17.828492856	0.000383398441514	88.8539137748	0.000241753134534	88.8211356651	0.000207330975684
17	0.13	18.18	3500.0	0.129102001988	1.44651336212e-07	0.131639651489	1.70133577999e-07	18.3102124712	5.99653229699e-05	18.0464098547	5.81741184505e-05	89.1665757265	4.10232109764e-05	88.8950237274	3.47380386217e-05
17	0.13	18.18	3750.0	0.129118043957	1.47851810506e-07	0.131503739009	4.18429108736e-07	18.3091352985	6.1172831566e-05	18.0622165862	8.58125378119e-05	89.1656678838	4.19424690356e-05	88.9095564547	5.41402623622e-05
17	0.13	18.18	4000.0	0.129192204029	3.97797627173e-07	0.131006577911	1.9235265349e-07	18.3080313306	0.000154399360596	18.1204205193	6.36934178668e-05	89.1620425805	0.000105122432807	88.9661113497	2.69270949884e-05
17	0.13	18.18	4250.0	0.129512668555	9.55396631397e-08	0.130399342244	7.21324870645e-08	18.2578445413	3.42446464906e-05	18.1638758177	2.19790824733e-05	89.118552402	2.2547189252e-05	89.0229428958	1.35872616162e-05
17	0.13	18.18	4500.0	0.129661948563	6.70667435676e-08	0.130406615269	1.51472537873e-07	18.2314106368	2.39318930397e-05	18.1517743756	3.37507962269e-05	89.0971012751	1.52589104547e-05	89.0174382563	2.62657973623e-05
17	0.13	18.18	4750.0	0.129619821294	2.24032317199e-07	0.130692011994	3.96111121305e-07	18.2386373684	8.18249937928e-05	18.1238999506	9.32299269163e-05	89.1023305904	5.25054117562e-05	88.9880156402	6.02927722004e-05
17	0.13	18.18	5000.0	0.129558398054	6.14148021837e-08	0.130955312291	2.7505557114e-07	18.2472265701	2.32596786493e-05	18.0979219298	7.75652327848e-05	89.1093859451	1.53269125384e-05	88.9606713141	4.81371657171e-05
17	0.13	18.18	5250.0	0.12950396447	1.34033120117e-07	0.131154089705	4.87190811784e-07	18.253182577	5.30897903418e-05	18.0770956252	0.000151246820118	89.1148945424	3.46541688006e-05	88.9390260545	9.14642045915e-05
17	0.13	18.18	5500.0	0.129463000536	3.11941458789e-07	0.131274661117	3.90624226176e-07	18.2566432589	0.000128307357388	18.0635573645	0.000122239548281	89.1185404565	8.38690562174e-05	88.9247677726	7.34277937269e-05
17	0.13	18.18	5750.0	0.129426159152	5.56715069248e-07	0.131332158471	5.37821024106e-07	18.260173046	0.000237622058958	18.0571013194	0.000163900493272	89.1221466557	0.000155436463642	88.9170787102	0.000101159465281
17	0.13	18.18	6000.0	0.12938303318	7.62492780918e-08	0.131336576525	4.47821845625e-07	18.2659689151	3.35405802583e-05	18.0579009751	0.000148595353647	89.1275169863	2.21995337422e-05	88.9155555203	9.26415896975e-05
17	0.13	18.18	6250.0	0.129354326619	2.93381206567e-07	0.131311778767	5.07622745431e-07	18.2706705925	0.000135740682668	18.0615580623	0.000168433547322	89.1316660527	8.9588110487e-05	88.9172600208	0.000103656331734
17	0.13	18.18	6500.0	0.129334891604	2.89839472363e-07	0.131262121729	7.36272917258e-07	18.2748673078	0.00013838407224	18.0680367292	0.000272627659549	89.1352148868	9.15835601615e-05	88.9219920788	0.000157648568719
17	0.13	18.18	6750.0	0.129321948888	3.01595143577e-07	0.131230159319	2.14337488302e-07	18.2781137605	0.000148049517408	18.0720646649	8.59054388497e-05	89.1378276345	9.80775633077e-05	88.9248952381	5.13344431865e-05
17	0.13	18.18	7000.0	0.129314535198	5.84681504557e-07	0.13121178968	1.35067380528e-07	18.2801973052	0.000292987453438	18.0738780041	5.75193500326e-05	89.1394396617	0.000194496819256	88.9261766602	3.43120450866e-05
17	0.13	18.18	7250.0	0.129307002033	7.62729223474e-07	0.131202449285	1.40262390815e-07	18.2822386421	0.000389710703656	18.0744802774	5.68913114372e-05	89.1409960225	0.000259184039426	88.9264363203	3.30317821908e-05
17	0.13	18.18	7500.0	0.12930480192	7.14929898249e-07	0.13120706632	2.08343546631e-07	18.2830981959	0.000370295058287	18.0728260538	9.13308304217e-05	89.1415023193	0.000246412939593	88.9249333733	5.25991921989e-05
17	0.13	18.18	7750.0	0.129305591707	4.57456310811e-07	0.131214523957	5.14643102927e-07	18.2835185461	0.000240540576717	18.0705555788	0.000226689459161	89.1415745333	0.000160092967545	88.9230614868	0.000135613917829
17	0.13	18.18	8000.0	0.129319708133	3.39791751986e-07	0.131212302447	5.85284452474e-07	18.2813302161	0.000180586089262	18.0690113156	0.000262682192327	89.1395269761	0.000119584810645	88.9224189849	0.000151247007069
17	0.13	18.18	8500.0	0.129440392219	4.15284272932e-07	0.131219448566	6.91107112515e-07	18.2586924985	0.000213892620076	18.0587299715	0.000272915099288	89.120241767	0.000139550073119	88.9186866521	0.000175273898327
17	0.13	18.18	8750.0	0.129460786307	3.11948737968e-07	0.131112158626	5.17607756694e-07	18.2573901383	0.000163629393336	18.070971124	0.000224947742611	89.1190318904	0.000106624884259	88.9305732641	0.000131794479511
18	0.01	200	3500.0	0.0105320978161	1.57868813585e-06	0.0103597624473	4.82084982304e-05	164.490348037	0.0918328170135	175.27838214	3.12449329351	89.7829941319	0.000315744106903	89.8194279113	0.0105872829785
18	0.01	200	3750.0	0.0104996497946	1.41506245621e-06	0.0102679244185	2.28197686196e-05	166.349034825	0.0835108809742	181.427842295	1.6005432291	89.7893851594	0.000285470202149	89.8404865656	0.00554268674015
18	0.01	200	4000.0	0.010402751649	4.15479199953e-06	0.0102468765305	8.68338083976e-06	174.56388018	0.230532336345	184.253074612	0.553453396959	89.817454733	0.000791606194746	89.8506620668	0.00194779803199
18	0.01	200	4250.0	0.0102228169468	1.56828134533e-06	0.0101031571884	3.66727371092e-06	186.685735515	0.0848719951419	194.027522622	0.223627291274	89.8598993385	0.000310969371472	89.8875432822	0.000898868448332
18	0.01	200	4500.0	0.010167860678	9.76823431338e-07	0.0100780531906	9.99654342743e-07	189.905092596	0.0532861517865	195.506049838	0.0611230775959	89.8717996882	0.000203822079082	89.8936800526	0.000253955577539
18	0.01	200	4750.0	0.0102062931878	1.27416794134e-06	0.0101198633684	5.00348110739e-06	187.328808228	0.0732543752799	192.798482062	0.313387457351	89.8621686282	0.000267153397535	89.8826372802	0.00123196959244
18	0.01	200	5000.0	0.010255060281	2.9870461519e-06	0.0101626697909	3.15937358008e-06	183.905386063	0.171777470277	189.828717244	0.209825131752	89.8497923409	0.000612037329135	89.8711449003	0.000775732125824
18	0.01	200	5250.0	0.0102778241478	6.50974785507e-06	0.0102030993135	4.8236671038e-06	181.71086688	0.394220218558	186.721828265	0.324294153825	89.8420169273	0.00137636906852	89.8596124561	0.0011618195248
18	0.01	200	5500.0	0.0103256104675	4.57892957764e-06	0.010230146176	1.05037386661e-05	177.718803933	0.283329071266	184.191631706	0.70951639224	89.8281842957	0.000979400933144	89.850506875	0.00249656991905
18	0.01	200	5750.0	0.0103449475977	6.58170651257e-06	0.0102405867654	1.19214045362e-05	175.285783875	0.421562026784	182.627823105	0.86179605131	89.8198453289	0.00144259057653	89.844951545	0.0029948150681
18	0.01	200	6000.0	0.0103599540295	2.11552559274e-06	0.0102347761876	9.17114607267e-06	172.945418802	0.142017478439	182.132887115	0.689163193265	89.8118766295	0.000483446335753	89.8431647686	0.00239579128357
18	0.01	200	6250.0	0.0103618067121	2.538333833e-06	0.0102264463824	7.60169295163e-06	171.538593029	0.179394281495	181.906899084	0.603046160687	89.8071074619	0.000608447681431	89.8423567003	0.00209108570568
18	0.01	200	6500.0	0.0103585040228	3.38540405072e-06	0.0102168183658	8.97883903409e-06	170.616200358	0.246292978337	181.909858315	0.745759704065	89.8039902717	0.000839389843291	89.8423618147	0.00258868249811
18	0.01	200	6750.0	0.0103524769884	3.93861587144e-06	0.0102092639343	8.71387095455e-06	170.108837791	0.295408325761	181.91513815	0.766807411749	89.8022798936	0.00100495398299	89.8423754041	0.00264233014879
18	0.01	200	7000.0	0.0103495403887	1.65513344185e-06	0.010202926477	5.54368607618e-06	169.533157313	0.128234509449	181.939802851	0.49345702322	89.8003324711	0.000434976010049	89.8424650336	0.00171774708785
18	0.01	200	7250.0	0.0103461391345	2.44599669212e-06	0.0101975396052	5.18671049513e-06	169.04921922	0.194118059653	181.951303369	0.468302603298	89.7986953123	0.000659607429978	89.842493037	0.00163535792993
18	0.01	200	7500.0	0.010344250541	1.69004533217e-06	0.0101932034436	6.85191830951e-06	168.574622408	0.134386140131	181.97149039	0.657146444853	89.7970849123	0.000458568446794	89.8425521288	0.0022784841751
18	0.01	200	7750.0	0.010342026569	1.42475105131e-06	0.0101903921687	9.30271230104e-06	168.2368224	0.114914317363	181.89861772	0.91104563624	89.7959375402	0.000392344642022	89.8422943344	0.00315052385495
18	0.01	200	8000.0	0.0103361823032	1.88232272912e-06	0.0101887475566	5.36788118104e-06	168.554332224	0.157124018846	181.952550973	0.528836376504	89.7970187577	0.000532768985357	89.8424817485	0.00182050371042
18	0.01	200	8500.0	0.0103040928784	1.82148029384e-06	0.0101962576072	8.10817105609e-06	172.567152925	0.144886823942	182.080062544	0.73515645795	89.8106463169	0.000493592020457	89.8430286804	0.00256071472839
18	0.01	200	8750.0	0.0102779382818	3.99644425978e-06	0.0101810839922	9.59802119228e-06	174.336133218	0.333029512926	183.147618783	0.881580742762	89.8166957993	0.00113119060735	89.8468250107	0.00308592290832
19	0.07	200	3500.0	0.0703279177099	2.71418557755e-07	0.0710106424905	1.03471728439e-06	194.796430285	0.00241772237591	194.854157771	0.00888336845842	89.8913368015	1.02433519791e-05	89.8862931378	3.88073137306e-05
19	0.07	200	3750.0	0.0702875322316	6.94826473973e-07	0.070928138061	7.91800082135e-07	195.186558513	0.0062025749936	195.343344107	0.00722423767681	89.8930263139	2.64707727141e-05	89.8886025412	3.00777033084e-05
19	0.07	200	4000.0	0.0701368531462	2.63938698414e-07	0.0706386911529	1.04786521328e-06	197.096679077	0.0021922485024	197.224076864	0.00653025043529	89.9014820818	9.90214728498e-06	89.8978674321	2.89172041842e-05
19	0.07	200	4250.0	0.069977232495	3.61732078672e-07	0.0702478791875	3.92198720775e-07	199.231350805	0.00285494395865	199.144878366	0.00279087634728	89.9111413443	1.37506935092e-05	89.9084744873	1.38078684903e-05
19	0.07	200	4500.0	0.07001458906	2.01852119798e-07	0.0702296608435	1.01476144839e-07	199.20460215	0.00158293109303	199.115440052	0.000711074102597	89.9107613133	7.63660886317e-06	89.9085696021	3.41885917515e-06
19	0.07	200	4750.0	0.0701121433331	8.88266190936e-08	0.0704015888364	1.66027261728e-07	198.325709628	0.00071967582195	198.246716338	0.0013857862629	89.9065369584	3.34141699373e-06	89.9038281232	6.45406885437e-06
19	0.07	200	5000.0	0.0701961280424	1.84563192078e-07	0.0705623596147	2.08612077129e-07	197.435326215	0.001512433675	197.38799895	0.00165471585537	89.9024344364	6.87829799661e-06	89.8992856475	7.47596343149e-06
19	0.07	200	5250.0	0.0702576970525	3.11902333467e-07	0.0706842243388	5.08879316521e-07	196.647053998	0.00265222573736	196.659158996	0.00417341544026	89.898905618	1.17892072736e-05	89.8955471292	1.83156689729e-05
19	0.07	200	5500.0	0.0702916930921	7.64393489024e-08	0.0707575086263	2.87450858913e-07	196.050291768	0.00069049105769	196.136673098	0.00239629802489	89.8962857631	3.00252243259e-06	89.8929215017	1.04742756853e-05
19	0.07	200	5750.0	0.0703000906309	2.96357812226e-07	0.0707928237356	6.39660458977e-07	195.656268345	0.00276394342457	195.80281507	0.00601445227684	89.8945878492	1.18789687809e-05	89.8912525927	2.57531505154e-05
19	0.07	200	6000.0	0.070285073198	2.47714894741e-07	0.0707960044646	2.83571536076e-07	195.447058772	0.00240107758258	195.658688628	0.00282990329479	89.8937226107	1.02959616949e-05	89.8904927013	1.19740652995e-05
19	0.07	200	6250.0	0.0702610938385	2.51446143895e-07	0.0707802385971	3.13680415142e-07	195.390362319	0.0025205401802	195.639519841	0.00359372732364	89.8935037971	1.0839836854e-05	89.8903560444	1.49300984172e-05
19	0.07	200	6500.0	0.0702304886562	5.7143795609e-07	0.070749416547	3.24542015868e-07	195.464079034	0.00594826430013	195.736528678	0.00335475925991	89.893845358	2.55017769828e-05	89.8907907007	1.43072654034e-05
19	0.07	200	6750.0	0.0702078202868	5.27298806337e-07	0.0707287026043	5.18165534622e-07	195.520983857	0.00570552556811	195.790341953	0.00552701677317	89.8941016659	2.4429780819e-05	89.8910307242	2.36859123501e-05
19	0.07	200	7000.0	0.0701915418014	5.99795172214e-07	0.0707153290452	4.47439198766e-07	195.555770899	0.00660948489612	195.808954158	0.0052143821177	89.8942530344	2.83769194483e-05	89.891110631	2.19561668559e-05
19	0.07	200	7250.0	0.0701779374466	4.8650681055e-07	0.0707070117654	3.2303160399e-07	195.574199593	0.0054743473678	195.799274113	0.00381281884872	89.8943316329	2.34926097689e-05	89.8910565622	1.59646689344e-05
19	0.07	200	7500.0	0.0701711310724	5.19858842983e-07	0.0707062019181	2.90704779698e-07	195.554063956	0.00529174904699	195.744021356	0.00330626706709	89.8942305351	2.29572555086e-05	89.8907925764	1.48856135872e-05
19	0.07	200	7750.0	0.070167019486	4.79701526199e-07	0.0707072174011	2.88881863821e-07	195.530294364	0.00536640299332	195.681929938	0.00358080141283	89.8941083866	2.41592735462e-05	89.8905009931	1.54443604146e-05
19	0.07	200	8000.0	0.070167460187	5.80822024285e-07	0.0707033987505	2.80758905279e-07	195.545965629	0.00682427362012	195.677484517	0.00359613707058	89.8941506662	2.92303119587e-05	89.8905045805	1.49961441798e-05
19	0.07	200	8500.0	0.0702139314195	1.78424230249e-07	0.070701685157	3.57066153937e-07	195.58634028	0.00202492969146	195.704497306	0.00416918763378	89.8941606844	8.68297580493e-06	89.8908238791	1.75990003788e-05
19	0.07	200	8750.0	0.0701819255312	1.88624527817e-07	0.0706369335633	4.04692512276e-07	195.959308007	0.00212491143418	196.115539446	0.00391474298451	89.895788753	9.20235837316e-06	89.8928284411	1.76400253609e-05
20	0.13	200	3500.0	0.12910202459	1.74589008312e-07	0.131639911821	4.15507916557e-07	201.436723296	0.000805501088817	198.519868495	0.00150954471247	89.9242386183	4.51320074456e-06	89.899555033	7.17081133744e-06
20	0.13	200	3750.0	0.129118155354	1.46577145577e-07	0.131504097252	3.74367630888e-07	201.424518238	0.000656751287581	198.694560803	0.00110128007998	89.9241542346	3.73721806409e-06	89.9008758096	5.73875465024e-06
20	0.13	200	4000.0	0.12919265478	3.09160035809e-07	0.131006885405	1.09968190848e-07	201.411410402	0.00143521910444	199.338440666	0.00044326820277	89.9238196478	7.95295095242e-06	89.9060174868	2.06471967028e-06
20	0.13	200	4250.0	0.129512792661	2.73573050026e-07	0.130399456583	3.76950607136e-08	200.85906365	0.0010833158622	199.82049579	0.000120542203671	89.9198768678	5.83784540075e-06	89.9111872871	6.26208069514e-07
20	0.13	200	4500.0	0.129661987393	1.20997475571e-07	0.130406764764	3.96444219441e-08	200.567490751	0.000480221333885	199.68696352	0.000114783910176	89.9179288274	2.51283385735e-06	89.9106863836	6.07944774663e-07
20	0.13	200	4750.0	0.129619854322	2.08662752386e-07	0.130692121081	4.33947298154e-07	200.64711023	0.000848684538753	199.37866688	0.00110652589196	89.9184035651	4.46477517683e-06	89.9080124348	6.30989529309e-06
20	0.13	200	5000.0	0.129558410389	6.84173803952e-08	0.130955438532	3.85698221757e-07	200.741850853	0.000290246806548	199.091147358	0.00124221164881	89.9190444801	1.56783992481e-06	89.9055256583	6.30533818142e-06
20	0.13	200	5250.0	0.129503987059	1.95252692381e-07	0.131153731724	7.22356998476e-07	200.807394086	0.000855797090287	198.861992665	0.00227393817447	89.9195440391	4.5923912011e-06	89.9035658812	1.2191615439e-05
20	0.13	200	5500.0	0.129463258416	4.88297666961e-07	0.131274889098	4.92593596614e-07	200.844375849	0.00220120452953	198.710546245	0.00169758542665	89.9198687744	1.18331424236e-05	89.9022599904	8.40698632229e-06
20	0.13	200	5750.0	0.129426444388	9.5564847853e-08	0.131331579913	9.80821542918e-07	200.88303302	0.00045655524104	198.642009285	0.00350008141319	89.920194756	2.45079478903e-06	89.9015755812	1.80251858843e-05
20	0.13	200	6000.0	0.129383111277	2.19853861944e-07	0.131336716012	5.87826665614e-07	200.947871409	0.00107903841936	198.648039935	0.00217185663685	89.9206872745	5.85063351221e-06	89.9014237595	1.07841101463e-05
20	0.13	200	6250.0	0.129354263948	2.51634632061e-07	0.131311929296	5.28246752432e-07	201.000387614	0.00128599217318	198.68841341	0.00214437514922	89.9210675979	6.9839993923e-06	89.9015789977	1.05381918658e-05
20	0.13	200	6500.0	0.12933510178	6.28962314289e-07	0.131262058987	1.97492586415e-07	201.04526129	0.00325723547877	198.761036011	0.000818073451116	89.9213821343	1.77698202161e-05	89.9020146477	3.9617025531e-06
20	0.13	200	6750.0	0.129322322128	6.45836601195e-07	0.131230307164	2.86811241366e-07	201.080092078	0.00346495151764	198.804312785	0.00126287420289	89.9216140548	1.89430704966e-05	89.90227244	6.07253973339e-06
20	0.13	200	7000.0	0.129314968441	5.18759634706e-07	0.131211946934	3.53499498877e-07	201.102634834	0.00293873503606	198.824291801	0.00160836257461	89.9217580979	1.5991655222e-05	89.9023887022	7.73633232667e-06
20	0.13	200	7250.0	0.129307300712	6.71132137124e-07	0.131202541761	4.27279664745e-07	201.125836399	0.00378573685994	198.831251265	0.00196676547261	89.9219031716	2.07051240057e-05	89.9024138077	9.47923270168e-06
20	0.13	200	7500.0	0.129305001893	5.59177983231e-07	0.131207211217	2.99684960177e-07	201.135826191	0.00332379176297	198.812647297	0.00136861284644	89.9219519527	1.82253008992e-05	89.9022756725	6.51827543956e-06
20	0.13	200	7750.0	0.12930609302	5.46003115139e-07	0.131214598457	2.48796621169e-07	201.138629252	0.00311469105793	198.787975668	0.00125841696354	89.9219485482	1.70838897111e-05	89.9021077308	6.10672725178e-06
20	0.13	200	8000.0	0.129320036128	6.42389612533e-07	0.131212264393	2.03979156346e-07	201.11552034	0.00374629068204	198.77155001	0.00101337490613	89.9217683049	2.05183987701e-05	89.9020515282	4.78975595127e-06
20	0.13	200	8500.0	0.12944072027	6.56625294082e-07	0.131219736895	1.88649248847e-07	200.865646844	0.00373820844003	198.656692791	0.000812404650635	89.9200163652	2.00506379495e-05	89.9017054671	4.01241066398e-06
20	0.13	200	8750.0	0.129460986634	5.9738704359e-07	0.131112217708	1.81622353209e-07	200.852065818	0.00344236086269	198.793135799	0.000733976807744	89.9199106166	1.84913894415e-05	89.9027909732	3.74351719339e-06
