# Results of the simulations. Done for the three-param LD law with:
# Period = 1.0, t0 = 0.0, b = 0.8, N = 1000 and n_try = 100
#
# gnum 	 input_p 	 input_a 	 input_teff 	 p_fixed 	 sigma_p_fixed 	 p_float 	 sigma_p_float 	 a_fixed 	 sigma_a_fixed 	 a_float 	 sigma_a_float	 i_fixed 	 sigma_i_fixed 	 i_float 	 sigma_i_float
0	0.01	3.27	3500.0	0.0099726654563	1.53498033957e-08	0.0100221724503	5.90991867746e-08	3.28991187104	1.91604321606e-05	3.26815725494	1.60294759571e-05	75.9835689571	0.000138783238888	75.8232490382	0.000117635212274
0	0.01	3.27	3750.0	0.00997038731038	1.8232004568e-08	0.0100234738373	8.0620632179e-08	3.29220889543	2.3945655969e-05	3.26812164169	2.52638615338e-05	76.0000346867	0.000173848739308	75.8228887706	0.000174016879925
0	0.01	3.27	4000.0	0.00996096198469	7.15012444503e-08	0.0100259044549	6.42520657845e-08	3.3004800485	8.68427339054e-05	3.26799607791	3.03351453074e-05	76.0591218104	0.000617656746324	75.821761795	0.000228510590933
0	0.01	3.27	4250.0	0.0099466198689	2.07681289277e-08	0.010031532394	1.50482944593e-08	3.30921915824	2.27868842192e-05	3.26716104688	4.89955508755e-05	76.1219196633	0.000160790157131	75.8150917668	0.000358192883878
0	0.01	3.27	4500.0	0.00994482407487	2.99494539588e-08	0.0100334328855	3.36279487735e-08	3.30934302254	3.21056737148e-05	3.26691164665	2.70175920285e-05	76.1230769173	0.000226195492009	75.8131090591	0.000186856416095
0	0.01	3.27	4750.0	0.00995170427183	4.17804526564e-08	0.0100307475103	4.39650823396e-08	3.30451506531	4.73416674803e-05	3.26718993056	2.98970911475e-05	76.0885405504	0.000335629219194	75.8154357961	0.000220078244746
0	0.01	3.27	5000.0	0.00995673102137	6.65816181812e-08	0.0100291438724	5.01782240494e-08	3.30124221764	7.76165231023e-05	3.26747013024	3.223058826e-05	76.0650573755	0.000550798834847	75.8176883935	0.000251571838003
0	0.01	3.27	5250.0	0.00996200410769	1.1724189615e-07	0.0100272052115	4.16818077012e-08	3.2977513176	0.000142951462596	3.26774168867	3.52924558193e-05	76.039979335	0.00101749539999	75.8198845062	0.000262635676286
0	0.01	3.27	5500.0	0.0099680730955	6.46554871838e-08	0.0100245299901	3.70011921037e-08	3.29351306608	8.35749757159e-05	3.26809341989	4.2535843809e-05	76.0094859281	0.00059548221734	75.8227514523	0.000315071552398
0	0.01	3.27	5750.0	0.00997410692027	3.572224819e-08	0.0100212101097	3.76650791786e-08	3.28920033802	4.90394957384e-05	3.26844522506	3.77704839927e-05	75.9783808795	0.000350444139131	75.8256620196	0.000278585926525
0	0.01	3.27	6000.0	0.00997928557296	1.95583631436e-08	0.0100180595452	4.87958935004e-08	3.28553755079	2.85303045787e-05	3.26880333594	7.40917971101e-05	75.951891275	0.000203322398938	75.8286003787	0.000544985316698
0	0.01	3.27	6250.0	0.00998280509324	1.01178783865e-08	0.0100157106305	4.14016245565e-08	3.28303463984	1.64561516964e-05	3.26902950658	7.31126379222e-05	75.9337588738	0.000117293537435	75.8304839147	0.000534618319392
0	0.01	3.27	6500.0	0.00998435167201	1.04281684925e-08	0.0100148203465	2.6820639164e-08	3.28202902686	1.69253832471e-05	3.26912884826	5.71892689718e-05	75.9264591521	0.000120956510583	75.8313077265	0.000417283285335
0	0.01	3.27	6750.0	0.00998534570031	7.86720162649e-09	0.0100142888381	2.94116716765e-08	3.28136318503	1.27628711516e-05	3.26921056041	5.93482015595e-05	75.921628219	9.12848641293e-05	75.8319651519	0.000432223784934
0	0.01	3.27	7000.0	0.0099856612362	7.33755889655e-09	0.010014359136	5.46833713085e-08	3.28117842776	1.38296362448e-05	3.26925888741	7.5743685142e-05	75.9202915953	9.86835274372e-05	75.8323263428	0.000551938959213
0	0.01	3.27	7250.0	0.00998560875763	1.12727480336e-08	0.0100147615589	4.05633148576e-08	3.28125234991	2.06660888478e-05	3.26926249412	4.84371171777e-05	75.9208376154	0.000147281057234	75.8323304543	0.000354060301714
0	0.01	3.27	7500.0	0.00998556766236	1.25951163356e-08	0.010015128256	3.26051186321e-08	3.28125906532	2.42866230136e-05	3.26927148428	4.16065285348e-05	75.9209031321	0.000172683419193	75.832375227	0.000303734080748
0	0.01	3.27	7750.0	0.00998561596911	1.29698178717e-08	0.0100153293698	5.13001965722e-08	3.28118201901	2.53985103528e-05	3.26929261262	6.61788012851e-05	75.9203614243	0.000180053443992	75.832517528	0.000480493004136
0	0.01	3.27	8000.0	0.00998524323278	9.03557634646e-09	0.0100158115981	5.78221955306e-08	3.28146154467	1.72925845529e-05	3.26929280601	8.16803973771e-05	75.9223951475	0.00012354357209	75.8324863908	0.000595608927207
0	0.01	3.27	8500.0	0.00998392707305	8.36785273586e-09	0.0100162617386	7.65795144631e-08	3.28224013992	1.48427560428e-05	3.26913352875	3.48439426816e-05	75.9280593655	0.000106896672317	75.8312732223	0.000263633237291
0	0.01	3.27	8750.0	0.00998156517691	8.25012205292e-09	0.010018619869	7.14367072646e-08	3.28436408102	1.56416417048e-05	3.26905192841	2.15742123707e-05	75.9434157843	0.000110760085596	75.8304985045	0.000163003650739
1	0.07	3.27	3500.0	0.0699498505287	1.77911109411e-09	0.0700705267582	5.5806935694e-08	3.26466423303	1.81814534213e-07	3.27175611315	2.27538028197e-06	75.8017454476	1.30907184272e-06	75.848359629	2.51784392437e-05
1	0.07	3.27	3750.0	0.0699458368191	2.64451932992e-09	0.0700745936156	5.34997472318e-08	3.26446410944	2.88408296105e-07	3.27185381243	2.410923718e-06	75.800396333	2.0964128282e-06	75.8489262531	2.64820205648e-05
1	0.07	3.27	4000.0	0.0699440073539	9.05129415951e-10	0.0700791485196	4.08451882967e-08	3.26419733955	9.91892152205e-08	3.2719774507	1.89383442298e-06	75.79840452	7.33461998648e-07	75.8494913129	2.11198442809e-05
1	0.07	3.27	4250.0	0.0699359006448	3.51519136239e-09	0.0700950446086	2.56742305363e-08	3.26316126752	3.21640482559e-07	3.27238681102	1.59050108087e-06	75.7909063317	2.44354461502e-06	75.8515770873	1.80961234609e-05
1	0.07	3.27	4500.0	0.0699307583129	4.40792199328e-09	0.0701024070602	4.62208120415e-08	3.26275478172	4.63568823128e-07	3.27256481399	2.59875098284e-06	75.7880442133	3.37614652302e-06	75.8526194516	2.92432501132e-05
1	0.07	3.27	4750.0	0.0699345210316	4.18973293859e-09	0.0700956849066	4.7692724578e-08	3.26323713977	4.41497309738e-07	3.27238751121	2.57040607629e-06	75.7915148252	3.25542412185e-06	75.8517696606	2.81422999528e-05
1	0.07	3.27	5000.0	0.0699363830433	6.25356508064e-09	0.0700914350331	4.42225374508e-08	3.26353094998	7.06954641884e-07	3.27227333907	2.34299157953e-06	75.7936675165	5.22079267076e-06	75.8512365032	2.56641299421e-05
1	0.07	3.27	5250.0	0.0699381426833	4.01574634439e-09	0.0700865197919	4.02099800991e-08	3.2639246434	4.31009984559e-07	3.27214212632	2.21789915788e-06	75.7965431906	3.23118288428e-06	75.8506191981	2.3968176996e-05
1	0.07	3.27	5500.0	0.0699418192177	2.19796538097e-09	0.0700787651052	4.63287543572e-08	3.264552705	2.29597977682e-07	3.27194119399	1.94982252239e-06	75.8010533117	1.68963167321e-06	75.8496118745	2.08179131333e-05
1	0.07	3.27	5750.0	0.0699475150198	4.07576044088e-09	0.0700688476387	5.81873118178e-08	3.26532757403	5.10774368255e-07	3.27169001619	2.66447311318e-06	75.8065550156	3.74153565269e-06	75.8483088818	2.79111042983e-05
1	0.07	3.27	6000.0	0.0699536677109	5.40257940738e-09	0.0700588941137	4.35613483617e-08	3.2660864929	7.07324023494e-07	3.27144046483	1.75126212349e-06	75.8119135634	5.21747102495e-06	75.8469886151	1.78771138287e-05
1	0.07	3.27	6250.0	0.0699582770697	3.06812138722e-09	0.0700516308062	4.43135901542e-08	3.26664030146	3.91403248001e-07	3.27125806031	1.86329022155e-06	75.8158139541	2.90571083312e-06	75.8460147736	1.87256410826e-05
1	0.07	3.27	6500.0	0.0699594347435	3.56998149582e-09	0.0700490463517	3.49622390096e-08	3.26687656433	5.30184512702e-07	3.27119132582	1.35715843176e-06	75.8175042584	4.01300083864e-06	75.8456830636	1.3444611766e-05
1	0.07	3.27	6750.0	0.0699600602209	3.18780539812e-09	0.0700475047526	3.84317088027e-08	3.26701971701	4.47259220342e-07	3.27115101439	1.50689501775e-06	75.8185317044	3.32580334851e-06	75.8454829446	1.50803928112e-05
1	0.07	3.27	7000.0	0.0699593392718	2.26301809905e-09	0.0700478052335	4.46583865304e-08	3.26703326959	2.99781678305e-07	3.27115599011	1.73954172905e-06	75.8186575093	2.24969537718e-06	75.8455333151	1.73034090869e-05
1	0.07	3.27	7250.0	0.0699577157452	2.10324880912e-09	0.0700492823169	4.14121524791e-08	3.26696797932	3.78611347412e-07	3.27119011709	1.43666441586e-06	75.818238429	2.81474732804e-06	75.8457507805	1.37748752689e-05
1	0.07	3.27	7500.0	0.0699563492529	2.73688851742e-09	0.0700505761368	4.10542353749e-08	3.26690369654	4.24531006221e-07	3.27121972791	1.51200022927e-06	75.8178182785	3.24089133808e-06	75.8459343545	1.47789365697e-05
1	0.07	3.27	7750.0	0.0699554807709	2.60123584053e-09	0.0700513686126	3.66904651448e-08	3.26686760283	4.75336351588e-07	3.27123776279	1.19685736553e-06	75.8175865266	3.53563786789e-06	75.846050988	1.14024104779e-05
1	0.07	3.27	8000.0	0.069953966451	2.87701473838e-09	0.0700530071165	5.65779575489e-08	3.26678095188	5.45082093926e-07	3.27127630314	2.07587819003e-06	75.8170032529	4.0077329006e-06	75.8462809354	1.97290167029e-05
1	0.07	3.27	8500.0	0.0699523952844	2.87275698709e-09	0.0700556078438	5.27884715019e-08	3.26664789429	4.54510067904e-07	3.27133894012	2.16144187623e-06	75.816060257	3.39788034786e-06	75.8466461156	2.11057057827e-05
1	0.07	3.27	8750.0	0.0699442663045	1.97075944703e-09	0.0700640757252	5.00089574079e-08	3.26623187394	2.63067532248e-07	3.27153891974	1.79072070703e-06	75.8132794174	1.9990950773e-06	75.8478348713	1.79145162151e-05
2	0.13	3.27	3500.0	0.129939642736	1.78399433173e-09	0.130112410214	7.02557122057e-08	3.26617576756	6.31520307132e-08	3.27138949171	5.57458462219e-07	75.8097417991	4.98639397851e-07	75.8456960535	7.56480282186e-06
2	0.13	3.27	3750.0	0.129935391368	1.55402786326e-09	0.130119143876	8.96197197929e-08	3.26595443985	3.8843096758e-08	3.27146835433	6.97601574273e-07	75.8080637747	3.38698240078e-07	75.8461275907	9.50420913193e-06
2	0.13	3.27	4000.0	0.129938194132	8.71054731344e-10	0.130124904804	6.57883945244e-08	3.26559108433	4.32384935521e-08	3.27154591449	5.00188275822e-07	75.8050327897	3.27180411028e-07	75.8463327505	7.10383651567e-06
2	0.13	3.27	4250.0	0.129938254452	4.45109635177e-09	0.130147746533	3.33303743107e-08	3.26454906803	2.04974359579e-07	3.27183327833	2.1361170524e-07	75.7965728999	1.6001433783e-06	75.8474825145	3.5646974097e-06
2	0.13	3.27	4500.0	0.129934634223	3.85863915719e-09	0.13015903987	1.85218142764e-08	3.26413661669	1.72296018884e-07	3.27196406665	1.19578497284e-07	75.7933200265	1.34214422038e-06	75.8481692635	1.47980725642e-06
2	0.13	3.27	4750.0	0.12993519323	7.08402723062e-09	0.130149239437	4.06434177643e-08	3.26459190768	3.34194434981e-07	3.2718358533	3.05990765547e-07	75.7969949223	2.61952284197e-06	75.8476963585	4.15286028771e-06
2	0.13	3.27	5000.0	0.129933801764	7.10304744689e-09	0.13014342124	4.25524573478e-08	3.26490090744	3.74932283898e-07	3.27175855133	3.07773828891e-07	75.7995412299	2.90218760952e-06	75.8474498391	4.83635390853e-06
2	0.13	3.27	5250.0	0.129932640994	2.33422938845e-09	0.130136675299	7.25239178909e-08	3.26524739762	5.74538597993e-08	3.27166920511	5.45843548803e-07	75.8023811385	5.19162470782e-07	75.8471543087	7.77092427531e-06
2	0.13	3.27	5500.0	0.129934311093	1.57483664123e-09	0.13012548974	8.77431811375e-08	3.26573840183	5.86640951919e-08	3.27152583392	7.07696430154e-07	75.8063084877	4.84689699022e-07	75.8465833217	9.19768539245e-06
2	0.13	3.27	5750.0	0.129939049145	2.80883211963e-09	0.130110621245	8.92017829957e-08	3.26632895542	1.08087639863e-07	3.27133948197	7.38904251501e-07	75.810954165	8.75112061007e-07	75.8457615778	8.96720425144e-06
2	0.13	3.27	6000.0	0.129944926823	2.22713674656e-09	0.130095510033	8.66493913826e-08	3.26690224252	1.0587016079e-07	3.27115194311	7.24868768867e-07	75.8154275057	8.44157614296e-07	75.8448997434	9.20724801707e-06
2	0.13	3.27	6250.0	0.129949565327	2.27784837992e-09	0.130084450466	6.90521044992e-08	3.26731489221	1.25623067794e-07	3.27101485129	5.74059378021e-07	75.8186346053	1.00086854471e-06	75.8442626093	7.29214323355e-06
2	0.13	3.27	6500.0	0.129950360896	7.97961551102e-10	0.13008079523	8.08926492704e-08	3.26747427989	2.46060630059e-08	3.2709676645	6.9927781377e-07	75.8198989491	2.14377957268e-07	75.8440749169	8.07005223283e-06
2	0.13	3.27	6750.0	0.129950667654	8.71299823224e-10	0.130078759437	6.4302554218e-08	3.26757091539	3.89132091667e-08	3.27094086037	5.5032805205e-07	75.8206703318	3.01374051278e-07	75.8439773933	6.50674742364e-06
2	0.13	3.27	7000.0	0.129949396669	1.3161468529e-09	0.130079657867	9.29537889143e-08	3.2675696894	9.08420774397e-08	3.2709496962	8.16426108031e-07	75.8206942849	7.03473323898e-07	75.8440594687	9.11606259208e-06
2	0.13	3.27	7250.0	0.12994700873	1.0432483196e-09	0.130082415264	9.42698834238e-08	3.26750880876	4.4499472017e-08	3.27098104833	8.42969869087e-07	75.820266975	3.54205075932e-07	75.8442573326	9.13561487862e-06
2	0.13	3.27	7500.0	0.129944982564	8.59097737149e-10	0.130084853522	6.52225871625e-08	3.26745421681	3.40760939267e-08	3.27100888598	5.90003685926e-07	75.8198809111	2.55008053325e-07	75.8444309618	6.57055245451e-06
2	0.13	3.27	7750.0	0.129943639843	1.19852678229e-09	0.130086422337	9.05195162795e-08	3.2674235105	8.44105129409e-08	3.27102648473	8.10599593906e-07	75.8196692838	6.50232011816e-07	75.8445465004	9.24711454049e-06
2	0.13	3.27	8000.0	0.129941690563	2.06721882132e-09	0.130089302754	1.18907613486e-07	3.26734474473	1.55912975114e-07	3.2710597728	1.07645190158e-06	75.8190847625	1.19813274302e-06	75.8447408681	1.20594494876e-05
2	0.13	3.27	8500.0	0.129940821004	2.19756391751e-09	0.130092951583	9.76360422983e-08	3.26719898785	1.45463414495e-07	3.27110219571	8.73920829206e-07	75.8179233311	1.13909361774e-06	75.8449542559	1.00144930047e-05
2	0.13	3.27	8750.0	0.129930734308	3.35972179717e-09	0.13010754083	1.09923309241e-07	3.26678246084	2.10087408772e-07	3.27127156156	9.80796374994e-07	75.814823276	1.61916378814e-06	75.8459263637	1.07385583182e-05
3	0.01	3.92	3500.0	0.00997265850902	3.41355605581e-08	0.0100221821081	8.81505312493e-08	3.94464910475	5.402606324e-05	3.91766159625	3.07732782615e-05	78.3461280444	0.000263673792044	78.2107994908	0.00015622567721
3	0.01	3.92	3750.0	0.00997038642264	5.50384985791e-08	0.0100234758293	9.8532193681e-08	3.94748176822	8.87510422799e-05	3.91761626175	3.75570045709e-05	78.3599489004	0.00043227787164	78.2104997607	0.000193083341793
3	0.01	3.92	4000.0	0.00996096543756	3.55384822817e-08	0.0100259027316	4.96939764836e-08	3.95770176573	5.48504928215e-05	3.917472227	7.23108341784e-05	78.409657472	0.000264946685968	78.2096091743	0.000369407227898
3	0.01	3.92	4250.0	0.00994652616959	3.34049098953e-08	0.010031535991	1.84197637128e-08	3.96863893948	4.51308202205e-05	3.91643769619	0.000130014016416	78.4631356933	0.000217195034776	78.2039965401	0.000651278690347
3	0.01	3.92	4500.0	0.00994470897511	2.18111430191e-08	0.0100334528162	3.68173317139e-08	3.96882072703	2.96826834849e-05	3.91609290406	9.70611927553e-05	78.46424237	0.000141693757154	78.2021517253	0.000489956088735
3	0.01	3.92	4750.0	0.00995160295713	1.81641514818e-08	0.0100307536963	4.75361032949e-08	3.96283613882	2.53433157306e-05	3.91646252344	0.000106685120901	78.4351063419	0.000123053394725	78.2042292938	0.000537021112343
3	0.01	3.92	5000.0	0.00995665520392	2.1159434986e-08	0.010029146973	5.48638930826e-08	3.95875869088	3.08885275006e-05	3.91680370061	0.000107623588365	78.4151960892	0.000148996085011	78.2060867555	0.000542219621793
3	0.01	3.92	5250.0	0.00996204240297	3.68761519546e-08	0.0100272201162	5.21421013362e-08	3.95427595149	5.50132661534e-05	3.91714677125	9.96580818753e-05	78.3932841913	0.000266335405707	78.2079721904	0.000502270627254
3	0.01	3.92	5500.0	0.00996803404563	1.05220570192e-07	0.0100245562964	4.9730680186e-08	3.94915309889	0.000169539398437	3.91763537346	0.000160083053329	78.3681891957	0.000820941042279	78.2106474206	0.00080410748842
3	0.01	3.92	5750.0	0.00997407835528	8.35640233621e-08	0.0100212265082	6.50863195338e-08	3.94380552303	0.000141539759926	3.91804371603	0.000106988011112	78.3419362168	0.00068643713516	78.2129548215	0.000537277831411
3	0.01	3.92	6000.0	0.0099792746591	6.47112239414e-08	0.0100180432148	3.86542370865e-08	3.9392449499	0.000117147151816	3.91845297316	9.16547689443e-05	78.319487127	0.000568226466993	78.2152519743	0.000457033175297
3	0.01	3.92	6250.0	0.0099827892246	3.1624414995e-08	0.0100157135897	4.9320483453e-08	3.93616009887	6.07073289439e-05	3.91878195176	0.000132434410009	78.3042735416	0.000294594066997	78.2170767201	0.000659051616021
3	0.01	3.92	6500.0	0.00998434353333	2.39727386744e-08	0.0100148230512	4.50032584589e-08	3.93490110733	4.86989993634e-05	3.91890824183	0.000113515377203	78.298053651	0.000236345334566	78.2177849835	0.000564207668689
3	0.01	3.92	6750.0	0.00998533274267	1.57914375655e-08	0.0100142984132	5.48479249104e-08	3.93408782058	3.34644532979e-05	3.91902433089	0.000140054663272	78.2940359713	0.000162111260444	78.218411724	0.000695783522245
3	0.01	3.92	7000.0	0.00998564809768	1.67913362259e-08	0.0100143722387	4.68322527462e-08	3.93386045022	3.70392020553e-05	3.91908380496	0.00016000193232	78.2929162944	0.000179483756922	78.2187144083	0.000794648358633
3	0.01	3.92	7250.0	0.0099856064156	2.33586070617e-08	0.0100147640385	6.18616660776e-08	3.93392904171	5.31178427216e-05	3.91906483312	9.35360987842e-05	78.2932651636	0.000257836507585	78.2186017109	0.000465381100909
3	0.01	3.92	7500.0	0.00998556099605	2.65602681343e-08	0.0100151373439	5.93749253451e-08	3.93394748968	6.18750338868e-05	3.91909480842	0.000122484862853	78.2933692094	0.00029995222208	78.2187329787	0.000608698713067
3	0.01	3.92	7750.0	0.00998561361511	2.50748080576e-08	0.0100153168468	5.25907414466e-08	3.93384305119	5.94320125751e-05	3.91909701305	0.000107097275283	78.2928676596	0.000288452920762	78.2187351264	0.000530898473604
3	0.01	3.92	8000.0	0.00998524127531	2.54360469881e-08	0.0100158047971	7.40759511112e-08	3.93418795295	6.04074746578e-05	3.91909500312	0.000142656816624	78.2945762295	0.000293134231521	78.2186986493	0.000708106876019
3	0.01	3.92	8500.0	0.0099839089687	9.40340444617e-09	0.0100162605274	9.24766035829e-08	3.93518599115	1.92688092545e-05	3.91892660501	0.000104137308373	78.2995149064	9.41142739946e-05	78.2178196478	0.000525139146674
3	0.01	3.92	8750.0	0.00998154675401	8.86419885326e-09	0.0100186581448	1.08290488042e-07	3.93781468495	1.95377273548e-05	3.91884682494	0.000126705508494	78.3124536504	9.48130633714e-05	78.2172798574	0.00063758964988
4	0.07	3.92	3500.0	0.06994991373	1.50354650763e-09	0.0700704720777	5.24083771215e-08	3.91340302193	2.38704361715e-07	3.92215262776	2.21187875583e-06	78.192892364	1.16024415749e-06	78.2321682122	1.60124173335e-05
4	0.07	3.92	3750.0	0.0699459020334	2.39490896947e-09	0.0700745596005	7.64999690622e-08	3.91315607429	3.30062962144e-07	3.92227343661	3.27432143401e-06	78.191755975	1.66391327659e-06	78.232650889	2.40301118254e-05
4	0.07	3.92	4000.0	0.0699440742024	2.09553327064e-09	0.070079119223	8.07271362054e-08	3.91282720037	3.18102535675e-07	3.92242509044	3.58937016238e-06	78.1900843332	1.50244972459e-06	78.2331302304	2.64168352607e-05
4	0.07	3.92	4250.0	0.0699359746513	5.10988077511e-09	0.0700950173129	6.4575482215e-08	3.9115477784	6.79871338295e-07	3.92292708778	3.29478772891e-06	78.1837765856	3.43712446102e-06	78.2348892502	2.47752465946e-05
4	0.07	3.92	4500.0	0.0699308380444	4.66702509638e-09	0.0701023533499	6.41085405391e-08	3.91104550382	6.41649045278e-07	3.92314447743	3.32454155264e-06	78.1813654128	3.16413328859e-06	78.235756426	2.5086191498e-05
4	0.07	3.92	4750.0	0.0699345966852	6.12580093857e-09	0.0700956542948	9.09184397736e-08	3.91164140618	8.56066610316e-07	3.92292848065	4.52726687833e-06	78.1842866961	4.2929497788e-06	78.2350481035	3.32778593739e-05
4	0.07	3.92	5000.0	0.0699364577545	5.54340107037e-09	0.0700914010788	8.53814237665e-08	3.91200406468	7.97844884404e-07	3.92278861784	3.92201597815e-06	78.1860962526	3.99432854157e-06	78.234597618	2.87542525278e-05
4	0.07	3.92	5250.0	0.0699382142575	4.86035008187e-09	0.0700864775352	7.33176802889e-08	3.91249051885	7.36359066643e-07	3.92262773715	3.37889276157e-06	78.1885161082	3.68119276635e-06	78.234075387	2.44705511188e-05
4	0.07	3.92	5500.0	0.0699418833542	2.87491672555e-09	0.0700787329629	8.31729801727e-08	3.91326700839	4.26724551553e-07	3.92238218706	3.45067174368e-06	78.1923152449	2.10209468808e-06	78.2332314445	2.44984309539e-05
4	0.07	3.92	5750.0	0.0699475710041	3.73155251558e-09	0.0700687992695	7.1045686461e-08	3.91422484675	6.3534774555e-07	3.92207329404	2.98083532597e-06	78.1969502808	3.15795489527e-06	78.2321271796	2.07977442095e-05
4	0.07	3.92	6000.0	0.0699537138961	5.45065790789e-09	0.0700588691519	7.69634623331e-08	3.9151632127	9.67814648521e-07	3.92176800789	3.15071318738e-06	78.2014665848	4.80210116047e-06	78.2310208116	2.1539354217e-05
4	0.07	3.92	6250.0	0.069958314879	5.04926802236e-09	0.0700516311461	4.93528622466e-08	3.91584819006	9.92913366617e-07	3.92154544763	2.04924967426e-06	78.2047552336	4.97215986907e-06	78.2302091941	1.37721800575e-05
4	0.07	3.92	6500.0	0.0699594718272	2.99244330242e-09	0.070049009153	7.36036648192e-08	3.9161399873	5.26327568119e-07	3.92146212923	2.95730416649e-06	78.2061775695	2.66739425252e-06	78.2299190003	1.99872301538e-05
4	0.07	3.92	6750.0	0.0699600938149	3.6416061e-09	0.0700474927366	5.51703522495e-08	3.9163173776	7.88804426631e-07	3.92141389864	2.15415504115e-06	78.2070450138	3.93244526807e-06	78.2297582493	1.41957182836e-05
4	0.07	3.92	7000.0	0.0699593715182	2.62546701633e-09	0.0700478090784	4.26474733301e-08	3.9163344321	6.30203135963e-07	3.92142080471	1.52499754714e-06	78.2071517678	3.12472470017e-06	78.229805157	1.0012523684e-05
4	0.07	3.92	7250.0	0.0699577508567	3.2439146493e-09	0.0700492543704	6.50739281558e-08	3.91625335628	7.2677556921e-07	3.92146134434	2.537679452e-06	78.2067957396	3.65428807894e-06	78.2299782005	1.66628518396e-05
4	0.07	3.92	7500.0	0.0699563847863	2.73884135158e-09	0.0700505416976	6.8050592578e-08	3.91617397864	5.45085345796e-07	3.92149756883	2.86075483114e-06	78.2064413293	2.7638875624e-06	78.2301312672	1.90312316017e-05
4	0.07	3.92	7750.0	0.0699555162377	3.27128379125e-09	0.0700513511203	6.13322170838e-08	3.91612947946	7.65273693797e-07	3.92152029603	2.46113456265e-06	78.2062460601	3.83954774346e-06	78.2302328748	1.60861824138e-05
4	0.07	3.92	8000.0	0.0699540008395	7.55744022096e-10	0.0700530170858	4.19717316432e-08	3.91602290855	2.38271239426e-07	3.92156890483	1.53787992466e-06	78.2057566099	1.12668528578e-06	78.2304344222	9.98776186272e-06
4	0.07	3.92	8500.0	0.0699524305901	1.21391242918e-09	0.0700556233321	4.1154887812e-08	3.91585888497	2.92476364381e-07	3.92164645565	1.59692077759e-06	78.2049642868	1.43894836141e-06	78.2307456411	1.01895194073e-05
4	0.07	3.92	8750.0	0.0699443088929	3.36193009312e-09	0.0700640698423	1.07330260852e-07	3.91534468715	6.49395613142e-07	3.92189164261	4.23137497803e-06	78.202617404	3.28192193501e-06	78.2317416345	2.7819035555e-05
5	0.13	3.92	3500.0	0.129939666196	1.9674153996e-09	0.130112404543	7.85912867196e-08	3.91526151753	1.52378592844e-07	3.92170094907	8.55714187944e-07	78.1996518939	7.91161956373e-07	78.2299387519	7.60658516118e-06
5	0.13	3.92	3750.0	0.129935415847	2.16920782397e-09	0.130119110071	7.22706148567e-08	3.91498737362	1.65450204007e-07	3.92179745232	7.99888891757e-07	78.1982383875	8.57295850616e-07	78.2303000497	7.26020188266e-06
5	0.13	3.92	4000.0	0.129938220682	2.07408024175e-09	0.130124855027	5.80170972354e-08	3.91453595123	1.35904175398e-07	3.9218913341	6.33510735655e-07	78.1956855929	7.06187876628e-07	78.2304710223	5.80153255618e-06
5	0.13	3.92	4250.0	0.129938285347	7.07419771295e-09	0.130147700252	4.04398626207e-08	3.91324260581	3.95935740864e-07	3.92224193141	4.24909186119e-07	78.1885604224	2.11901130428e-06	78.2314401123	4.41940647008e-06
5	0.13	3.92	4500.0	0.129934667459	7.52156825077e-09	0.130159028975	5.09941123679e-08	3.91273108777	4.08606789924e-07	3.92240268743	5.56825782797e-07	78.1858202878	2.17715001367e-06	78.232022316	5.75270764637e-06
5	0.13	3.92	4750.0	0.129935220581	2.28983747144e-09	0.130149192203	7.0269134484e-08	3.9132963436	1.33492592115e-07	3.92224612817	7.79353579705e-07	78.1889168373	7.05812258261e-07	78.2316202854	7.40893515764e-06
5	0.13	3.92	5000.0	0.129933831206	2.15042200047e-09	0.130143367958	8.21168784382e-08	3.91367987724	1.37801394606e-07	3.92215207106	9.44927550996e-07	78.1910604146	7.17115004289e-07	78.2314117613	8.41378293312e-06
5	0.13	3.92	5250.0	0.129932670922	1.63600245557e-09	0.130136635269	7.40429578595e-08	3.9141099286	9.79354423582e-08	3.92204354264	8.48578590189e-07	78.1934514754	5.00721922323e-07	78.2311640103	7.51555438275e-06
5	0.13	3.92	5500.0	0.12993433688	3.4147395747e-09	0.130125438123	4.74288564213e-08	3.914719249	2.26680613643e-07	3.9218685228	5.43845518316e-07	78.1967601584	1.20213953207e-06	78.2306821489	4.9662865024e-06
5	0.13	3.92	5750.0	0.129939071675	3.12034241785e-09	0.130110603049	7.02198015541e-08	3.91545159917	2.44627437102e-07	3.92164118174	7.92346620567e-07	78.2006734372	1.28430892585e-06	78.229993162	7.00427725352e-06
5	0.13	3.92	6000.0	0.129944944457	2.84715007057e-09	0.130095502831	8.95128472234e-08	3.91616245233	2.50553854891e-07	3.92141201614	1.02658876709e-06	78.2044420589	1.30392605228e-06	78.2292683729	8.79603675442e-06
5	0.13	3.92	6250.0	0.12994957961	1.02131465385e-09	0.130084429317	7.87510253936e-08	3.91667414728	2.61124342428e-08	3.92124418336	9.34568939711e-07	78.2071443502	1.55873942792e-07	78.2287302006	7.18569019028e-06
5	0.13	3.92	6500.0	0.129950376453	7.60467596095e-10	0.130080810927	9.32070815786e-08	3.91687166714	2.38739651653e-08	3.92118705048	1.11077252049e-06	78.2082083161	1.52768696816e-07	78.2285753011	8.43951536171e-06
5	0.13	3.92	6750.0	0.129950682322	6.36076142158e-10	0.13007874624	5.87089718608e-08	3.91699158293	6.71383528639e-09	3.92115406564	6.96456267983e-07	78.2088581767	4.33108751594e-08	78.2284904785	5.44617576371e-06
5	0.13	3.92	7000.0	0.129949411108	3.79308242882e-10	0.130079625372	6.16279378027e-08	3.91699026388	4.92669640444e-09	3.92116484678	7.29113970592e-07	78.2088784804	3.79289642893e-08	78.2285582165	5.52856961622e-06
5	0.13	3.92	7250.0	0.129947023463	5.90029978409e-10	0.130082417341	9.07356744788e-08	3.91691497125	2.35470758043e-08	3.92120387218	1.06178851231e-06	78.2085182239	1.75540012542e-07	78.2287279504	8.24829101741e-06
5	0.13	3.92	7500.0	0.129944997689	5.20029334261e-10	0.130084860158	9.52166754966e-08	3.91684747713	1.0775809021e-08	3.92123820669	1.13076642837e-06	78.2081929252	9.18029261655e-08	78.228874388	8.45475463163e-06
5	0.13	3.92	7750.0	0.129943654824	5.5147154443e-10	0.130086405669	8.08504679538e-08	3.91680958377	3.69466116728e-09	3.92125963322	9.57388016914e-07	78.2080148425	4.29982952795e-08	78.2289698117	7.30082145475e-06
5	0.13	3.92	8000.0	0.129941705029	3.57289313468e-10	0.130089257755	8.88477704076e-08	3.91671217691	6.89570827559e-09	3.92130022868	1.06247497829e-06	78.2075229373	7.89988970666e-08	78.2291313234	7.91903802648e-06
5	0.13	3.92	8500.0	0.129940835526	5.55911180555e-10	0.130092901333	6.06813040767e-08	3.91653142212	3.79560280952e-09	3.92135215362	7.2290478426e-07	78.2065450417	3.60624604099e-08	78.2293102709	5.4392380537e-06
5	0.13	3.92	8750.0	0.129930750713	8.69606401288e-10	0.130107487574	5.17930626812e-08	3.91601577955	1.46079576799e-08	3.92156020293	6.00000077091e-07	78.203933657	3.76708372741e-08	78.2301287553	4.56009342571e-06
6	0.01	4.87	3500.0	0.00997268803129	4.10176233556e-08	0.0100221763447	6.76627260361e-08	4.90133513562	8.81662084123e-05	4.86699760213	8.11796835597e-05	80.6437866267	0.000272181592625	80.5341551352	0.000266957955416
6	0.01	4.87	3750.0	0.00997040375426	5.97373255403e-08	0.010023477262	6.55350427681e-08	4.9049638596	0.000126832662855	4.86696395542	0.000108566484955	80.6550649168	0.00039195440335	80.5339884523	0.000356182646031
6	0.01	4.87	4000.0	0.00996091189735	3.79449927057e-08	0.0100258979327	3.14115139334e-08	4.91810866554	7.49085069397e-05	4.8667389459	0.000121250892361	80.6957871294	0.0002308981536	80.5331371731	0.000393397427849
6	0.01	4.87	4250.0	0.00994643812007	4.36835555516e-08	0.0100315395741	1.50828269012e-08	4.93207791664	7.4739817578e-05	4.86537991774	0.000209528667853	80.7392810473	0.000231055322992	80.5284618007	0.000669664989184
6	0.01	4.87	4500.0	0.00994462027574	5.79773110376e-08	0.0100334405302	2.10865771861e-08	4.93231198224	9.80128427993e-05	4.8649606769	0.000195256290074	80.7401804085	0.000302790563269	80.5270313127	0.000624808084152
6	0.01	4.87	4750.0	0.00995151886257	3.24703948024e-08	0.0100307317428	1.90930768667e-08	4.92469077403	5.73169262831e-05	4.86545064285	0.00022345402086	80.7165536615	0.000177069893837	80.5287743552	0.000716895348629
6	0.01	4.87	5000.0	0.00995658717024	1.78374675436e-08	0.0100291417915	2.76821790961e-08	4.9194774678	3.27161049915e-05	4.86589761845	0.000220339392856	80.7003408842	9.90561263515e-05	80.5303159823	0.00070444533686
6	0.01	4.87	5250.0	0.00996199149678	1.60960383796e-08	0.0100272132594	3.44169067781e-08	4.91374463483	3.13672577226e-05	4.86630532226	0.00016405915437	80.6824966772	9.51602620734e-05	80.5317490111	0.000524017011126
6	0.01	4.87	5500.0	0.00996810831783	2.43337435413e-08	0.0100245425687	2.30580472185e-08	4.90697555636	5.0099120357e-05	4.86691087065	0.000182794280016	80.6613877538	0.000154929498655	80.5338603424	0.00058380796809
6	0.01	4.87	5750.0	0.00997416257289	5.60656885248e-08	0.0100212228792	3.50530632458e-08	4.9001357606	0.00012078275617	4.86747089583	0.00015231016321	80.6400017591	0.000373057597299	80.5358543071	0.000485725681953
6	0.01	4.87	6000.0	0.0099792474003	6.06378791945e-08	0.010018067709	1.75301878374e-08	4.89457213464	0.000139306365076	4.86816276329	0.000177388758913	80.6225496347	0.000430747468644	80.5382529335	0.000559674412277
6	0.01	4.87	6250.0	0.00998277406589	3.87424655545e-08	0.0100157178899	1.63168268238e-08	4.89061819613	9.42261073481e-05	4.86858098508	4.63847681256e-05	80.6101318929	0.000291479618813	80.539725452	0.000146229136058
6	0.01	4.87	6500.0	0.00998433788417	4.91625749849e-08	0.0100148349696	2.67494779135e-08	4.88899271038	0.000125941015511	4.86865386392	0.000172870689577	80.6050185209	0.000389321178602	80.5400217645	0.000544466230813
6	0.01	4.87	6750.0	0.00998532664049	3.21458546363e-08	0.0100143031614	2.03443871235e-08	4.88795865432	8.62012957883e-05	4.86885833495	4.45287626806e-05	80.6017650665	0.000266624101448	80.5407065337	0.000140251994278
6	0.01	4.87	7000.0	0.00998564121089	3.24919879073e-08	0.0100143675384	2.78639832818e-08	4.88767227399	9.00508448686e-05	4.86893141292	3.4787153611e-05	80.6008665803	0.000278393059556	80.5409434515	0.000107763394276
6	0.01	4.87	7250.0	0.00998559305133	2.58842881041e-08	0.0100147750608	3.35934362484e-08	4.88777904406	7.42465561551e-05	4.86893836196	8.7067535728e-05	80.6012095881	0.000228992149408	80.5409515711	0.000273018780473
6	0.01	4.87	7500.0	0.00998555737804	3.06649987975e-08	0.0100151416386	2.63606762696e-08	4.88777507293	8.96494578813e-05	4.86888392369	0.000167242485737	80.601208643	0.000277177859807	80.5407658936	0.000525188799006
6	0.01	4.87	7750.0	0.00998560438249	2.77177704204e-08	0.0100153393312	2.9103521392e-08	4.88765953256	8.28681632794e-05	4.86896983486	8.78415372332e-05	80.6008556644	0.000255952536724	80.5410293369	0.000275611467123
6	0.01	4.87	8000.0	0.00998522886935	2.3255543704e-08	0.0100158192936	2.68473836426e-08	4.88810845231	6.99168547682e-05	4.86898341923	4.73756948462e-05	80.6022711478	0.000215972275728	80.5410503175	0.000149117715055
6	0.01	4.87	8500.0	0.00998389363934	1.28480546125e-08	0.0100162854023	3.04217958861e-08	4.88938427749	3.49533022327e-05	4.8687029673	6.21623203041e-05	80.6062919765	0.000108608908703	80.5401328013	0.000194261481686
6	0.01	4.87	8750.0	0.00998153653089	1.83803834227e-08	0.0100186411176	7.61995069924e-08	4.89272089652	5.04471964748e-05	4.8685192317	0.000147408777011	80.6167529733	0.00015568846834	80.5394358475	0.000468609409442
7	0.07	4.87	3500.0	0.0699499602427	7.61186740772e-10	0.0700704694439	2.50420055793e-08	4.86160391532	1.12460005921e-07	4.8727240269	2.16232407762e-06	80.5196538847	3.39694035384e-07	80.5515284128	9.84174337224e-06
7	0.07	4.87	3750.0	0.0699459503281	1.18989408333e-09	0.0700745424222	2.7350701299e-08	4.86129003012	9.35129656273e-08	4.8728761591	2.10617096603e-06	80.518732006	3.38734352367e-07	80.5519155288	9.77948398525e-06
7	0.07	4.87	4000.0	0.069944123546	4.84327562189e-10	0.0700790993109	2.22827251451e-08	4.86087249866	8.00892402272e-08	4.87306737094	2.02105754241e-06	80.5173802906	2.53731681971e-07	80.5523033931	9.56303441725e-06
7	0.07	4.87	4250.0	0.0699360297222	1.1297481409e-09	0.0700949978405	1.32670366303e-08	4.85924548862	1.6833186331e-07	4.87370163669	1.42951034025e-06	80.512268616	5.57285406941e-07	80.5537282795	6.84563813969e-06
7	0.07	4.87	4500.0	0.0699308942628	2.12975066489e-09	0.0701023496912	2.37854418957e-08	4.85860708543	3.18208490426e-07	4.87397881666	2.80376352276e-06	80.5103144998	1.03574826446e-06	80.5544392584	1.30333764741e-05
7	0.07	4.87	4750.0	0.069934652796	1.62861875406e-09	0.0700956311396	2.53791479781e-08	4.85936454886	3.33453021674e-07	4.87370451102	2.42166410837e-06	80.5126810723	1.06038353471e-06	80.5538578818	1.12857905191e-05
7	0.07	4.87	5000.0	0.0699365137185	2.16063207719e-09	0.0700913832942	2.41633264988e-08	4.85982543027	5.42326217948e-07	4.87352837208	2.46097288299e-06	80.5141461824	1.76269125759e-06	80.5534944754	1.13773311887e-05
7	0.07	4.87	5250.0	0.0699382663622	2.34532502212e-09	0.0700864672189	2.78114435823e-08	4.86044449978	4.34366664517e-07	4.87332546094	2.27007422218e-06	80.5161082089	1.36924614535e-06	80.5530720016	1.05275595779e-05
7	0.07	4.87	5500.0	0.0699419300834	1.96136019812e-09	0.0700787145892	2.68549617387e-08	4.86143284257	3.19016184215e-07	4.87301474514	2.05874902864e-06	80.5191901168	1.03104721982e-06	80.5523856129	9.08030427341e-06
7	0.07	4.87	5750.0	0.0699476115003	2.66228445849e-09	0.0700687910796	2.68451788033e-08	4.86265170807	4.57992341238e-07	4.8726247212	2.27537440437e-06	80.5229500659	1.50624602367e-06	80.5514929398	1.02817904659e-05
7	0.07	4.87	6000.0	0.0699537487525	3.33662127021e-09	0.0700588354753	4.20172881169e-08	4.86384567134	6.56470858051e-07	4.87223712352	3.07352560425e-06	80.52661372	2.13397802544e-06	80.5505893885	1.35906974455e-05
7	0.07	4.87	6250.0	0.0699583463484	1.76380906487e-09	0.0700515810016	2.72781396175e-08	4.86471708503	3.40502815544e-07	4.87195454226	1.88871593074e-06	80.5292811207	1.12541550903e-06	80.549926685	8.39850880452e-06
7	0.07	4.87	6500.0	0.069959499208	2.1637664221e-09	0.0700489921121	3.45828570251e-08	4.86508902047	5.11237509608e-07	4.87185110541	2.47455545031e-06	80.5304366313	1.61479508611e-06	80.5496993534	1.07034277403e-05
7	0.07	4.87	6750.0	0.0699601210777	1.9931192665e-09	0.0700474561507	2.81068061279e-08	4.86531454804	4.90757101429e-07	4.87178896409	1.84995855721e-06	80.5311394349	1.56649555322e-06	80.5495638275	7.85934532989e-06
7	0.07	4.87	7000.0	0.0699593992599	1.55437138694e-09	0.0700477575271	2.79707984052e-08	4.86533614688	3.98567966425e-07	4.87179705038	1.74766136362e-06	80.5312252392	1.25418454558e-06	80.5495987032	7.3608651295e-06
7	0.07	4.87	7250.0	0.069957777697	2.01342847841e-09	0.0700492224022	3.36456442755e-08	4.86523339402	4.56305745662e-07	4.87184980571	2.39927702494e-06	80.5309370982	1.48599684791e-06	80.5497445974	1.02627734482e-05
7	0.07	4.87	7500.0	0.0699564119117	1.71569007235e-09	0.0700505204571	4.0666766346e-08	4.86513249192	4.53322311503e-07	4.87189620304	2.42309996622e-06	80.5306493829	1.42718064333e-06	80.5498705662	1.03090254522e-05
7	0.07	4.87	7750.0	0.0699555439152	1.98475733728e-09	0.0700513159257	4.0346703016e-08	4.8650758078	5.13438304327e-07	4.87192440325	2.40167403933e-06	80.5304904297	1.63913589584e-06	80.5499501024	1.0076732197e-05
7	0.07	4.87	8000.0	0.0699540313379	1.98477840629e-09	0.0700529568959	3.85522276732e-08	4.86493964838	4.23290362975e-07	4.87198464098	2.28374930486e-06	80.5300911546	1.40514058038e-06	80.5501077561	9.88862670928e-06
7	0.07	4.87	8500.0	0.0699524635103	2.046770521e-09	0.0700555556731	3.12186657989e-08	4.8647309337	4.96655399986e-07	4.87208245908	1.96857925715e-06	80.5294483656	1.62844908134e-06	80.5503580653	8.25253362139e-06
7	0.07	4.87	8750.0	0.0699443428182	1.38549847268e-09	0.0700640256942	2.41089072129e-08	4.86407799082	2.95806297885e-07	4.87239461192	1.64720786671e-06	80.5275462678	9.80066686593e-07	80.5511715366	6.811768184e-06
8	0.13	4.87	3500.0	0.129939682481	2.28246002478e-09	0.130112361146	7.28580276686e-08	4.86395907604	1.71759457946e-07	4.87214796253	9.55049869677e-07	80.5251507574	5.82395730771e-07	80.5497156344	5.25312473597e-06
8	0.13	4.87	3750.0	0.129935433498	1.90837706178e-09	0.130119098494	1.16968063008e-07	4.86360962306	1.52525946888e-07	4.87227053831	1.56946962812e-06	80.5240040229	5.16770042195e-07	80.5500108287	8.5347918518e-06
8	0.13	4.87	4000.0	0.129938240468	1.5634890024e-09	0.130124848638	1.09059899599e-07	4.86303290351	8.27733844453e-08	4.87238828742	1.37008610107e-06	80.5219333701	2.79564356919e-07	80.5501502045	8.13363402697e-06
8	0.13	4.87	4250.0	0.129938310083	8.01035092164e-09	0.130147708369	9.41570150741e-08	4.8613817584	5.91900777075e-07	4.87283008868	1.10619938057e-06	80.5161539431	1.99318241691e-06	80.5509374696	7.3563694656e-06
8	0.13	4.87	4500.0	0.129934696286	4.86269450339e-09	0.130159007531	8.94549622495e-08	4.86072901068	3.31256029253e-07	4.87303301209	1.06038131061e-06	80.5139306462	1.12985173724e-06	80.5514071385	6.84848038118e-06
8	0.13	4.87	4750.0	0.12993524786	6.78155290543e-09	0.130149198124	1.24246444973e-07	4.86145051953	5.05829803682e-07	4.87283639891	1.57132221921e-06	80.5164423037	1.71297724596e-06	80.5510832031	9.6926351531e-06
8	0.13	4.87	5000.0	0.129933853438	1.87823372335e-09	0.130143347449	1.1705251502e-07	4.8619406256	1.18121622426e-07	4.87271786058	1.50133262905e-06	80.5181819683	4.0472584115e-07	80.5509121624	8.69986947698e-06
8	0.13	4.87	5250.0	0.129932692566	1.15651401775e-09	0.130136598847	9.02070252845e-08	4.86248967969	1.15769355329e-07	4.87258127648	1.12813878696e-06	80.5201210857	4.02151523772e-07	80.5507101348	6.7519464081e-06
8	0.13	4.87	5500.0	0.12993435616	2.48478575855e-09	0.1301254318	9.15338753607e-08	4.8632673198	1.65130901466e-07	4.87236130655	1.21584138161e-06	80.522804986	5.74695016981e-07	80.5503212941	6.75096978559e-06
8	0.13	4.87	5750.0	0.129939087367	3.29265501311e-09	0.130110569591	8.79381016069e-08	4.86420166881	2.74675938302e-07	4.87207417295	1.15886444263e-06	80.525979572	9.3671477953e-07	80.5497603854	6.30414740293e-06
8	0.13	4.87	6000.0	0.129944958152	3.0602137586e-09	0.130095476134	1.15359914117e-07	4.86510832045	3.20283551858e-07	4.87178501241	1.56232719644e-06	80.5290364712	1.07244662982e-06	80.5491728694	8.28487666355e-06
8	0.13	4.87	6250.0	0.129949591175	1.23050197265e-09	0.130084424284	1.06970920602e-07	4.86576090609	5.23672377334e-08	4.8715734489	1.46017009336e-06	80.5312284651	1.85077501834e-07	80.5487380842	7.5773057853e-06
8	0.13	4.87	6500.0	0.129950387337	6.04984533537e-10	0.130080761634	7.82894805125e-08	4.86601293873	3.81855177126e-08	4.87150085897	1.08868652183e-06	80.5320914973	1.42593142994e-07	80.5486092963	5.37002233169e-06
8	0.13	4.87	6750.0	0.129950692682	8.05133081072e-10	0.130078733764	7.45646356794e-08	4.86616597252	4.12202779635e-08	4.87145989849	1.01932072787e-06	80.5326186228	1.32568938427e-07	80.5485432565	5.19104292916e-06
8	0.13	4.87	7000.0	0.1299494215	9.96882499416e-10	0.130079633823	1.20085906608e-07	4.8661644463	6.08863174265e-08	4.87147405055	1.7105048631e-06	80.5326350548	2.07104923376e-07	80.548599397	8.05538956913e-06
8	0.13	4.87	7250.0	0.129947034226	6.56028168455e-10	0.130082385409	1.13619579884e-07	4.86606862579	6.87826616133e-08	4.87152296372	1.60916924479e-06	80.5323427386	2.46509118901e-07	80.5487342503	7.73345553201e-06
8	0.13	4.87	7500.0	0.129945008188	6.3866746618e-10	0.130084827578	9.16817299591e-08	4.86598274583	3.43857336916e-08	4.87156653238	1.35172450676e-06	80.5320788984	1.14709389076e-07	80.5488530431	6.18718365051e-06
8	0.13	4.87	7750.0	0.129943665761	7.38649316112e-10	0.130086398076	1.19451336901e-07	4.86593452359	6.48428028916e-08	4.87159413625	1.74331829469e-06	80.531934341	2.09628906882e-07	80.548932098	8.03713857858e-06
8	0.13	4.87	8000.0	0.129941716177	8.76235897973e-10	0.130089281178	1.40171411689e-07	4.86581042012	9.34011431565e-08	4.87164603649	2.07637244044e-06	80.5315352834	3.12634048279e-07	80.5490650896	9.5942654053e-06
8	0.13	4.87	8500.0	0.129940847543	1.38070576599e-09	0.130092925918	1.26048436357e-07	4.86557973352	1.40400822627e-07	4.87171166407	1.84525720904e-06	80.530741986	4.70008431381e-07	80.5492104916	9.24023340078e-06
8	0.13	4.87	8750.0	0.12993076455	1.73707956499e-09	0.130107491776	1.30898959061e-07	4.86492272482	1.84122839168e-07	4.87197496582	1.92647650555e-06	80.528623456	6.14966802866e-07	80.5498731568	8.65897702957e-06
9	0.01	6.45	3500.0	0.00997267234651	3.71079945528e-08	0.0100221900404	3.5922167612e-08	6.49234910557	0.000102443124364	6.44601164382	0.000223910398707	82.9502271858	0.000177995797737	82.8670156854	0.000403950189643
9	0.01	6.45	3750.0	0.00997039130729	4.58321266063e-08	0.010023480138	4.02800455963e-08	6.49724161184	0.000133968890452	6.4459525608	0.000227270218106	82.9587825162	0.00023268876249	82.8668648337	0.000408911401842
9	0.01	6.45	4000.0	0.00996089875342	3.20272617699e-08	0.0100258892937	1.93569269173e-08	6.51497465279	8.54612172425e-05	6.44569142312	0.000331790487158	82.9896916438	0.000148287370602	82.8662968338	0.000597144096624
9	0.01	6.45	4250.0	0.00994640314068	7.10294463669e-08	0.0100315386407	2.30943955459e-08	6.53387730362	0.000162969629833	6.44385330798	0.000437839834639	83.0227956797	0.000283717892605	82.8627448851	0.000784609560404
9	0.01	6.45	4500.0	0.00994455998312	1.01695362983e-07	0.0100334443688	1.52246258043e-08	6.5342512429	0.000232774428496	6.44318763039	0.000383290296213	83.0235773293	0.000403743242179	82.8614815948	0.000687356317571
9	0.01	6.45	4750.0	0.00995146129797	5.9388436179e-08	0.0100307319132	2.25090130956e-08	6.52396333845	0.00014150190406	6.44384300519	0.000380540168468	83.0056361487	0.000245793321921	82.8627918622	0.000683971280409
9	0.01	6.45	5000.0	0.00995653890511	2.8252928623e-08	0.0100291299496	1.57270842399e-08	6.51691062474	6.95448558348e-05	6.4444912555	0.000456628248455	82.9932996111	0.000122147953419	82.8640413885	0.000818116644163
9	0.01	6.45	5250.0	0.009961950018	1.63016294812e-08	0.0100272033685	1.41941209456e-08	6.50916152357	4.22338152202e-05	6.4451023608	0.000427063265026	82.9797297378	7.36374762439e-05	82.8652363267	0.000764934909045
9	0.01	6.45	5500.0	0.00996806559798	3.68195925178e-08	0.010024531564	1.13892399244e-08	6.50003559108	0.000101306659142	6.44606364092	0.000193682538163	82.9637199151	0.000175940728455	82.867092519	0.000343447154348
9	0.01	6.45	5750.0	0.00997414562866	4.38737486612e-08	0.0100212177246	1.37671992019e-08	6.49073603324	0.000128872532078	6.44682000231	0.000134517629072	82.9473639081	0.00022456923303	82.868604053	0.000238934836445
9	0.01	6.45	6000.0	0.00997932275183	6.21109375232e-08	0.0100180466701	1.50481048382e-08	6.48294304448	0.000191232225534	6.44743533121	0.000227697643116	82.9336170155	0.00033244673174	82.8698562708	0.000402782337223
9	0.01	6.45	6250.0	0.00998277459998	6.04389386586e-08	0.0100157053566	1.49389480914e-08	6.47783572975	0.000196671701658	6.44802300541	3.11699759724e-05	82.9245875953	0.000342446719267	82.8710134092	5.43714123074e-05
9	0.01	6.45	6500.0	0.00998433773233	6.95899180559e-08	0.0100148251229	1.66382728078e-08	6.47564399795	0.000240238533874	6.44825808922	3.49646416632e-05	82.9207086891	0.000418348304663	82.8714792293	6.16717836227e-05
9	0.01	6.45	6750.0	0.00998532390622	4.49195306942e-08	0.0100142903566	2.16729013226e-08	6.47425778803	0.000161125559866	6.44841037383	2.31864737473e-05	82.918254797	0.000280560446895	82.871780044	3.99953913398e-05
9	0.01	6.45	7000.0	0.00998564209554	4.41037625349e-08	0.010014351705	1.61169814725e-08	6.47385780242	0.000163762804525	6.44849785901	3.20016373851e-05	82.9175490003	0.000285091168547	82.8719402782	5.56591010612e-05
9	0.01	6.45	7250.0	0.00998560219857	5.05633368054e-08	0.0100147666573	1.9175619664e-08	6.47397066187	0.000193067332133	6.44854123495	4.20271338499e-05	82.9177548276	0.000336418540372	82.8720063934	7.1784687365e-05
9	0.01	6.45	7500.0	0.00998555700235	5.05464766568e-08	0.0100151295618	2.19398964172e-08	6.47400251837	0.000198606346226	6.44856391806	5.82817261428e-05	82.9178188576	0.000345689597982	82.8720371083	0.000100081713031
9	0.01	6.45	7750.0	0.00998561134049	4.62130263827e-08	0.0100153255758	2.32452133035e-08	6.47381692927	0.000184862197853	6.44858139873	4.83613079531e-05	82.9174989359	0.000321812957104	82.8720623441	8.38135860881e-05
9	0.01	6.45	8000.0	0.00998523438044	4.46119961846e-08	0.0100157992008	2.70056432061e-08	6.47442889469	0.000179121887985	6.44857326481	5.92871301133e-05	82.918584449	0.000311820494924	82.8720323015	0.000102616908464
9	0.01	6.45	8500.0	0.00998388990026	2.85550720988e-08	0.0100162629527	1.72585127883e-08	6.47618805263	0.000103148018996	6.44819173945	7.24239634577e-05	82.9217020846	0.000180294150736	82.8713289533	0.000129016775711
9	0.01	6.45	8750.0	0.00998152756568	2.50862029372e-08	0.0100186481223	2.41788691757e-08	6.48071119003	9.16920946797e-05	6.44803139209	8.28403096851e-05	82.9296799138	0.000160438173161	82.8709591961	0.000149174642602
10	0.07	6.45	3500.0	0.0699499959074	3.12943172183e-09	0.0700704698257	1.78861163889e-08	6.43866989852	9.5570459453e-07	6.45365959328	1.437375499e-06	82.8558545809	1.73051734693e-06	82.8800747557	3.4421637476e-06
10	0.07	6.45	3750.0	0.0699459855399	9.18067765276e-10	0.0700745363256	1.29498029676e-08	6.43824729374	3.13122749966e-07	6.45386434067	1.12299694038e-06	82.8551552934	5.75964382888e-07	82.8803689925	2.56329014086e-06
10	0.07	6.45	4000.0	0.0699441586257	1.89004290525e-09	0.0700790984972	1.44568296482e-08	6.43768506488	4.99291463399e-07	6.45412141103	1.35134736089e-06	82.8541312284	9.11157234292e-07	82.8806653029	3.40079107417e-06
10	0.07	6.45	4250.0	0.0699360724935	1.54142946575e-08	0.0700950033421	2.00791577111e-08	6.43548982928	3.94988192677e-06	6.45497429883	1.62152621774e-06	82.85024938	7.19970064161e-06	82.8817511493	4.27711618362e-06
10	0.07	6.45	4500.0	0.0699309478624	9.69770201902e-09	0.0701023404216	3.88757277214e-08	6.43462674059	2.43023316442e-06	6.45534485641	3.66931736981e-06	82.8487615425	4.36419920837e-06	82.8822856335	8.90720740257e-06
10	0.07	6.45	4750.0	0.0699346966677	1.59247394014e-08	0.0700956340991	1.66138780179e-08	6.43565025269	4.18532072378e-06	6.45497853253	1.55302986822e-06	82.850561685	7.61146141574e-06	82.8818479077	3.86980984133e-06
10	0.07	6.45	5000.0	0.0699365601729	1.00976468665e-08	0.0700913848849	1.7640101258e-08	6.43627082527	2.63462769685e-06	6.45474204907	1.78190042933e-06	82.8516717649	4.7573161286e-06	82.8815711507	4.05682849456e-06
10	0.07	6.45	5250.0	0.0699383062051	7.11516937195e-09	0.0700864629168	1.55690264781e-08	6.43710737311	2.06170464116e-06	6.45446942095	2.25723712592e-06	82.853163792	3.73688085454e-06	82.8812490254	5.24917649771e-06
10	0.07	6.45	5500.0	0.0699419635005	1.4608526214e-09	0.0700787135474	1.7576041911e-08	6.4384417663	4.10394374876e-07	6.45405256806	1.83358947857e-06	82.8555059967	7.36676076612e-07	82.8807282315	4.31098450646e-06
10	0.07	6.45	5750.0	0.0699476413379	1.09637959744e-09	0.0700687963288	2.56290651561e-08	6.44008607967	3.09671978099e-07	6.45352850889	1.58266936094e-06	82.8583616604	5.54398836253e-07	82.8800495292	4.07669784868e-06
10	0.07	6.45	6000.0	0.0699537748001	1.39679310978e-09	0.0700588342218	1.83742026301e-08	6.44169687343	4.61260382212e-07	6.45300708563	1.51964014381e-06	82.8611445207	8.35763403401e-07	82.8793612451	3.64869677368e-06
10	0.07	6.45	6250.0	0.0699583679742	1.22170434282e-09	0.0700515862326	2.4377000859e-08	6.44287295881	4.21081826052e-07	6.4526281614	1.56265264685e-06	82.8631715177	7.48416341769e-07	82.8788595834	3.9238115025e-06
10	0.07	6.45	6500.0	0.0699595200106	8.06389814789e-10	0.0700489883654	3.09074988598e-08	6.44337466099	3.05566557097e-07	6.45248861758	1.92234044888e-06	82.8640488786	5.4227257624e-07	82.8786850775	4.67955369817e-06
10	0.07	6.45	6750.0	0.0699601405836	8.2775823842e-10	0.0700474600463	2.91203196504e-08	6.44367914508	3.12691908398e-07	6.45240571078	1.77206150172e-06	82.8645829633	5.58097659538e-07	82.8785834922	4.19201823914e-06
10	0.07	6.45	7000.0	0.0699594184052	8.84266977841e-10	0.0700477677026	2.59357231618e-08	6.44370844945	3.07012676223e-07	6.45241715035	1.59943946784e-06	82.8646481575	5.58712358533e-07	82.8786109618	3.92780325881e-06
10	0.07	6.45	7250.0	0.0699577974874	9.35260738455e-10	0.0700492297481	2.75451012979e-08	6.44356980601	3.5486233565e-07	6.4524877621	1.64395055316e-06	82.8644288739	6.13800569778e-07	82.8787206349	3.90030761718e-06
10	0.07	6.45	7500.0	0.069956431689	1.11241986516e-09	0.0700505329777	3.02701719096e-08	6.44343385158	4.43764681551e-07	6.45255078645	1.77623775279e-06	82.8642103624	7.99273031333e-07	82.878817659	4.17938757642e-06
10	0.07	6.45	7750.0	0.0699555642226	9.13984491757e-10	0.0700513153043	2.60626766406e-08	6.44335729459	3.58800877559e-07	6.45258781121	1.49512993264e-06	82.864089265	6.41900986892e-07	82.8788758394	3.59952843896e-06
10	0.07	6.45	8000.0	0.0699540522656	6.01622379914e-10	0.0700529600381	2.86386164972e-08	6.44317362516	2.49887321844e-07	6.45266923717	1.84087493791e-06	82.8637857718	4.64043856951e-07	82.8789964102	4.41581783773e-06
10	0.07	6.45	8500.0	0.0699524854815	9.8003272071e-10	0.0700555645187	2.91497023646e-08	6.44289222346	3.77438832795e-07	6.45280125334	1.78965904538e-06	82.8632978398	6.71361514154e-07	82.8791876588	4.27528586577e-06
10	0.07	6.45	8750.0	0.0699443666647	1.40904589316e-09	0.070064047243	3.15065674449e-08	6.44201219523	5.73219741632e-07	6.45322215918	1.97931937691e-06	82.8618531503	1.01096307764e-06	82.8798078773	4.61851284809e-06
11	0.13	6.45	3500.0	0.129939695454	9.54155199051e-10	0.130112404619	1.84970562107e-08	6.44183766224	3.71104041566e-08	6.45288263238	3.20007403594e-07	82.8600379691	7.26277012163e-08	82.8787001763	1.17381505653e-06
11	0.13	6.45	3750.0	0.129935446873	9.05967403031e-10	0.130119120515	2.32511052201e-08	6.44136563707	4.6933037523e-08	6.45304694129	4.44854684973e-07	82.8591670125	9.44106063258e-08	82.8789232227	1.40068476852e-06
11	0.13	6.45	4000.0	0.129938254418	1.07228059678e-09	0.13012486541	2.91500256422e-08	6.44058533213	4.19679915641e-08	6.45320393857	5.09902224026e-07	82.8575945391	8.68824898916e-08	82.879028905	1.50081074499e-06
11	0.13	6.45	4250.0	0.1299383306	3.6639497885e-09	0.130147710673	7.12126947676e-08	6.43835163101	3.46196331852e-07	6.45379518643	1.1974482121e-06	82.8532039111	6.62182261293e-07	82.8796260739	4.15297298586e-06
11	0.13	6.45	4500.0	0.1299347148	3.23162334912e-09	0.130158992472	1.10342847777e-07	6.4374695354	2.99206257877e-07	6.45406740824	1.85262196162e-06	82.8515157177	5.66502994872e-07	82.8799819064	6.46334142189e-06
11	0.13	6.45	4750.0	0.129935270336	3.67175256586e-09	0.130149221624	3.99625260205e-08	6.4384447939	3.43346177636e-07	6.45380500302	7.44586236804e-07	82.8534225133	6.67677618264e-07	82.8797380328	2.38282065343e-06
11	0.13	6.45	5000.0	0.12993387479	5.12247856359e-09	0.130143387178	4.63785198602e-08	6.43910784248	5.35778748198e-07	6.45364697442	9.10052721561e-07	82.8547438266	1.01605191853e-06	82.8796089804	2.81874072774e-06
11	0.13	6.45	5250.0	0.129932710213	5.30867777837e-09	0.130136657498	2.75037388746e-08	6.43985087254	6.14832229811e-07	6.45346483908	4.83505181981e-07	82.8562171987	1.15288570982e-06	82.8794564066	1.422591275e-06
11	0.13	6.45	5500.0	0.129934370854	1.88288783545e-09	0.130125470904	1.64832792706e-08	6.44090268671	1.83264098452e-07	6.45316997937	3.36526398792e-07	82.858256332	3.73962216491e-07	82.8791599628	9.86103622549e-07
11	0.13	6.45	5750.0	0.129939100328	2.158439583e-09	0.130110610291	2.60865330185e-08	6.44216567841	1.39023820398e-07	6.45278527907	4.5367175228e-07	82.8606675684	2.76939178943e-07	82.878734001	1.2778842463e-06
11	0.13	6.45	6000.0	0.129944968837	2.86362340527e-09	0.13009548463	1.45807580777e-08	6.44339118567	2.4497619544e-07	6.45239700141	3.1872118511e-07	82.8629896539	4.69525656013e-07	82.8782860821	1.06178101075e-06
11	0.13	6.45	6250.0	0.129949601906	2.42818418379e-09	0.130084442085	2.7872784039e-08	6.44427294869	2.53216513653e-07	6.45211352781	5.89678378058e-07	82.8646542305	4.71416642085e-07	82.8779562677	1.66971171132e-06
11	0.13	6.45	6500.0	0.129950396639	2.16545819802e-09	0.130080803436	3.83549739752e-08	6.44461378363	2.36442411551e-07	6.45201678088	8.18473103233e-07	82.8653099275	4.40027773391e-07	82.8778595967	2.15045622708e-06
11	0.13	6.45	6750.0	0.12995070135	2.92982224475e-09	0.130078752599	2.81614975004e-08	6.44482076051	3.11367379864e-07	6.45196154773	5.92400878415e-07	82.8657103912	5.93863089e-07	82.8778082066	1.74548041262e-06
11	0.13	6.45	7000.0	0.129949429209	2.73802410431e-09	0.130079632496	2.8223223125e-08	6.44481895325	3.99529360641e-07	6.45198031725	5.867091668e-07	82.8657230384	7.45863019662e-07	82.8778498716	1.64797975108e-06
11	0.13	6.45	7250.0	0.129947042331	3.09342082783e-09	0.130082403221	3.70480913978e-08	6.44468964016	3.59505729544e-07	6.4520465785	7.85270307723e-07	82.8655009208	6.73021373152e-07	82.8779532164	2.08255067112e-06
11	0.13	6.45	7500.0	0.129945016832	2.8623612397e-09	0.130084852765	2.6782655519e-08	6.44457371215	3.42331409685e-07	6.45210538072	5.64205166812e-07	82.8653004058	6.45530777555e-07	82.8780438263	1.54581620088e-06
11	0.13	6.45	7750.0	0.129943674698	2.26547938775e-09	0.130086407814	4.12049369236e-08	6.44450862936	2.64769389032e-07	6.45214226329	8.91435448195e-07	82.8651905076	4.93937794883e-07	82.8781031301	2.31561124927e-06
11	0.13	6.45	8000.0	0.12994172543	2.43986234276e-09	0.130089263651	4.69985713718e-08	6.44434100478	2.74291559176e-07	6.45221150975	1.00725201523e-06	82.8648873255	5.12781836014e-07	82.8782028243	2.64481231562e-06
11	0.13	6.45	8500.0	0.129940857082	3.66729449435e-09	0.130092907063	2.52612309661e-08	6.44402917216	4.22733264687e-07	6.45229958332	5.3401586831e-07	82.8642849147	8.03251661648e-07	82.8783130925	1.45863166561e-06
11	0.13	6.45	8750.0	0.129930777907	2.0491119797e-09	0.130107535245	2.48475147202e-08	6.44314157542	1.86098637895e-07	6.4526548957	5.52324047401e-07	82.8626750765	3.57009214106e-07	82.8788197549	1.37632587105e-06
12	0.01	9.52	3500.0	0.00997267220726	5.18298936207e-08	0.0100221866942	2.01786256746e-08	9.58335598281	0.000218753015264	9.51414836992	0.00014428524806	85.2305916319	0.000173402939299	85.1740810487	0.000115230815139
12	0.01	9.52	3750.0	0.0099703848153	2.86104175983e-08	0.0100234738069	3.19691886562e-08	9.59070213262	0.000121193663057	9.51400535782	0.000193005639395	85.236433937	9.57636125074e-05	85.1739346987	0.000154299910779
12	0.01	9.52	4000.0	0.00996087175885	6.03300729276e-08	0.0100258835239	1.88620413105e-08	9.61730368881	0.000240842585768	9.5135337539	0.000368144578098	85.257521595	0.000189779598407	85.1734817559	0.000297894052197
12	0.01	9.52	4250.0	0.00994633288845	3.74883243136e-08	0.0100315451276	2.62420466969e-08	9.64571242518	0.000131869101673	9.51056058736	0.000536570769202	85.2801448364	0.000103318098297	85.170885729	0.000436431318531
12	0.01	9.52	4500.0	0.00994455091496	1.39435610146e-07	0.0100334505796	2.9211643782e-08	9.64606462629	0.000475169059644	9.50995571381	0.000814185301487	85.2805113071	0.000374820968369	85.1703442439	0.000661700045949
12	0.01	9.52	4750.0	0.00995141534341	6.62063542012e-08	0.0100307410966	2.1617069096e-08	9.63080808276	0.000234994451127	9.51077582888	0.000583357665346	85.268411645	0.000185917612881	85.1711043271	0.000475020129181
12	0.01	9.52	5000.0	0.00995650778205	4.4156523459e-08	0.0100291312678	2.4596580304e-08	9.62021102119	0.000164196473265	9.51198869972	0.000472774042728	85.2599825197	0.000130347213788	85.1721506931	0.000382429507376
12	0.01	9.52	5250.0	0.00996192107502	1.76647859114e-08	0.0100271939429	1.52520295126e-08	9.60861907514	7.03356844701e-05	9.51282540102	0.000418077920372	85.2507516627	5.42309810664e-05	85.1728998149	0.000337551305195
12	0.01	9.52	5500.0	0.00996804245348	2.69223257934e-08	0.0100245241532	1.55850904485e-08	9.59494977207	0.000111296454807	9.51408956597	0.000194853228606	85.2398468	8.91969842725e-05	85.1740202272	0.000157723775731
12	0.01	9.52	5750.0	0.00997412751723	1.77755486767e-08	0.0100212135965	1.47745085584e-08	9.58102183987	7.72383572134e-05	9.51522297617	9.4729279492e-05	85.2287055874	5.9926069186e-05	85.1750481365	7.78334279624e-05
12	0.01	9.52	6000.0	0.00997923543305	7.48381875167e-08	0.0100180447354	1.68542687099e-08	9.56968976035	0.00034666018259	9.51630489236	1.73378394033e-05	85.2196122273	0.000274480489247	85.1760291082	1.41731588906e-05
12	0.01	9.52	6250.0	0.00998278459187	8.87238400029e-08	0.0100156990714	1.63395400431e-08	9.56159697039	0.000434914394396	9.5169784325	2.81300089318e-05	85.213110583	0.000344574116291	85.1766497989	2.38161213273e-05
12	0.01	9.52	6500.0	0.00998434299693	8.73683849554e-08	0.0100148224871	1.97861224684e-08	9.55834053462	0.000447912545164	9.51733642565	3.17480399174e-05	85.2104893128	0.000355101446585	85.1769722022	2.48485128028e-05
12	0.01	9.52	6750.0	0.00998533457771	7.48306318065e-08	0.0100142853648	1.9866070485e-08	9.55623683954	0.000400684605366	9.51756311233	2.76104547143e-05	85.2087960984	0.000317564984781	85.1771753437	2.18085289168e-05
12	0.01	9.52	7000.0	0.00998564440776	6.29628847994e-08	0.0100143464167	2.01502936129e-08	9.5556822989	0.000349921032211	9.51769572901	3.20921400154e-05	85.2083506812	0.000277322197769	85.1772852343	2.58459577593e-05
12	0.01	9.52	7250.0	0.00998559096836	4.57277265185e-08	0.0100147619545	2.31222143796e-08	9.55592914872	0.000261204183827	9.51777241473	3.17947383251e-05	85.2085524537	0.000206979206639	85.1773403952	2.52647833676e-05
12	0.01	9.52	7500.0	0.00998554691829	4.34586380746e-08	0.0100151213986	1.97802262721e-08	9.55597132995	0.000256176852184	9.51780987375	4.76753956188e-05	85.2085915873	0.000203044052834	85.1773634581	3.80055172004e-05
12	0.01	9.52	7750.0	0.00998561739663	5.33953375971e-08	0.0100153254999	2.65361521796e-08	9.55559928864	0.000318895320521	9.51783279666	2.77247613982e-05	85.2082990608	0.000252931859144	85.1773789652	2.28446438769e-05
12	0.01	9.52	8000.0	0.00998523572579	5.65112385682e-08	0.010015792258	2.14660143121e-08	9.55654260022	0.000339345332778	9.51780818589	5.18585689519e-05	85.2090596237	0.000268924116023	85.177348866	3.96829438576e-05
12	0.01	9.52	8500.0	0.00998390692888	5.29890567377e-08	0.0100162511777	1.41638097135e-08	9.55908878041	0.000288890134416	9.51725435873	0.000118070654857	85.211112651	0.000229848568651	85.1768830212	9.3964160615e-05
12	0.01	9.52	8750.0	0.00998152927258	3.94869021006e-08	0.0100186329462	1.50930086664e-08	9.56593951914	0.000223945503976	9.51700044377	8.6212905176e-05	85.2166074122	0.000177878971776	85.1766210622	6.98956965277e-05
13	0.07	9.52	3500.0	0.069950023163	1.4925145748e-09	0.0700704492189	6.73252175632e-08	9.50305375782	6.1791798695e-07	9.52545400591	6.89387687795e-06	85.1663767767	4.88479666858e-07	85.1828588377	8.00002577519e-06
13	0.07	9.52	3750.0	0.0699460154194	2.03589479515e-09	0.0700745020495	4.9475186139e-08	9.50242144091	7.81335913777e-07	9.52575794676	5.2861832331e-06	85.1659003421	6.30381461787e-07	85.1830572715	6.1620816384e-06
13	0.07	9.52	4000.0	0.0699441909025	8.41038794608e-10	0.0700790606393	4.57487352875e-08	9.50158088583	2.50243018142e-07	9.52613978827	5.07385583335e-06	85.1652040728	2.06577976822e-07	85.1832578129	6.03855200192e-06
13	0.07	9.52	4250.0	0.0699361054768	2.56956516325e-09	0.0700949677269	5.82223645655e-08	9.49830039212	9.62835326989e-07	9.52741041992	7.30131910089e-06	85.1625651473	8.06453414239e-07	85.1839961133	8.79856730092e-06
13	0.07	9.52	4500.0	0.0699309737791	2.03036055795e-09	0.0701022982004	3.95255051416e-08	9.49701340326	7.64163821307e-07	9.52796380862	5.73971204069e-06	85.1615556951	6.33946328286e-07	85.1843600522	6.77793682675e-06
13	0.07	9.52	4750.0	0.0699347289014	1.5260849199e-09	0.0700956000856	6.75149708571e-08	9.49854067399	4.92954542224e-07	9.52741808566	8.15316792685e-06	85.1627776816	4.10495400794e-07	85.1840624381	9.55962744194e-06
13	0.07	9.52	5000.0	0.0699365874116	3.52574199995e-09	0.0700913428271	5.18914725852e-08	9.49947003673	1.38162729697e-06	9.52706558311	6.6557966074e-06	85.1635338754	1.12552597387e-06	85.1838737525	7.76102592649e-06
13	0.07	9.52	5250.0	0.0699383366004	2.9015639246e-09	0.0700864592889	8.05333658078e-08	9.50071877978	1.06780444937e-06	9.5266634274	8.93254816083e-06	85.1645468728	8.25242970902e-07	85.1836589826	1.02448184773e-05
13	0.07	9.52	5500.0	0.0699419931384	4.29456197837e-09	0.0700787108985	9.77338125603e-08	9.50271362454	1.71953500265e-06	9.52604284358	1.11786571851e-05	85.1661398669	1.40710687764e-06	85.1833052757	1.26818552955e-05
13	0.07	9.52	5750.0	0.0699476670958	3.03806512307e-09	0.0700687624717	6.19590893593e-08	9.50517285744	1.18646007252e-06	9.52525877434	6.52048504047e-06	85.1680831615	9.83905797902e-07	85.1828400791	7.35700343221e-06
13	0.07	9.52	6000.0	0.0699537955151	3.12629556629e-09	0.0700588058213	7.31642825648e-08	9.50758251783	1.36641595929e-06	9.52448218936	7.59674010907e-06	85.1699774703	1.11449030918e-06	85.1823726843	8.48073615915e-06
13	0.07	9.52	6250.0	0.0699583855264	2.58098325159e-09	0.07005155485	5.15573970447e-08	9.50934166725	1.25816487195e-06	9.52391703473	5.3232736375e-06	85.171357124	1.02127319925e-06	85.1820310582	5.89319599495e-06
13	0.07	9.52	6500.0	0.0699595358998	1.94644448899e-09	0.0700489627637	4.5649648706e-08	9.51009236214	1.07939319014e-06	9.52370953798	4.78967918369e-06	85.1719543829	8.52060695958e-07	85.1819128625	5.14057573191e-06
13	0.07	9.52	6750.0	0.0699601554844	2.41054316488e-09	0.0700474360769	5.54275649025e-08	9.51054792935	1.27693587076e-06	9.523586287	5.41654880705e-06	85.1723179166	1.03562098655e-06	85.1818439828	5.9379362341e-06
13	0.07	9.52	7000.0	0.0699594326189	2.91894964632e-09	0.0700477489529	7.19488533313e-08	9.51059215086	1.55355621365e-06	9.52360437186	7.21095884906e-06	85.1723624751	1.26050673491e-06	85.1818636857	7.82316865436e-06
13	0.07	9.52	7250.0	0.0699578126466	2.17866188523e-09	0.0700492020974	6.72785072317e-08	9.51038450829	1.12886470006e-06	9.52370870884	6.72892969762e-06	85.172212841	9.1870361756e-07	85.1819371193	7.19185770145e-06
13	0.07	9.52	7500.0	0.0699564470034	1.82166885476e-09	0.070050500209	6.25890082469e-08	9.51018125924	1.04387843716e-06	9.52380258312	6.37415094933e-06	85.1720640536	8.3480092874e-07	85.1820028664	6.72957697326e-06
13	0.07	9.52	7750.0	0.0699555797293	1.91128985285e-09	0.0700512818849	5.44330821308e-08	9.51006674508	1.14347232887e-06	9.52385772969	5.21778283845e-06	85.1719815348	9.164933938e-07	85.1820422478	5.44393356773e-06
13	0.07	9.52	8000.0	0.0699540681409	1.9989894557e-09	0.0700529289578	6.23798816661e-08	9.5097921918	1.07870480227e-06	9.5239792176	5.52011420248e-06	85.171774986	8.86043497282e-07	85.1821243277	5.94710596377e-06
13	0.07	9.52	8500.0	0.0699525014031	3.53860858295e-09	0.0700555541299	8.06600967452e-08	9.50937198596	1.89817052202e-06	9.52417872469	8.52327346706e-06	85.171443471	1.54842288026e-06	85.1822571104	9.06729740239e-06
13	0.07	9.52	8750.0	0.0699443863721	1.94434203191e-09	0.0700639944222	5.86479513897e-08	9.50805561877	1.13192381807e-06	9.52480254973	5.57111843966e-06	85.1704594409	9.15364631952e-07	85.18267429	5.88711889092e-06
14	0.13	9.52	3500.0	0.129939704997	3.85698408745e-09	0.13011237982	9.12465937693e-08	9.50778156191	7.89368189311e-07	9.5242932795	2.66847554456e-06	85.169227756	6.63797748949e-07	85.1819252447	3.76923004885e-06
14	0.13	9.52	3750.0	0.129935457585	2.48026365699e-09	0.130119085394	7.89111591116e-08	9.50707486382	4.95660072149e-07	9.52453798025	2.28343062945e-06	85.1686349603	4.17628978887e-07	85.1820766204	3.30947763386e-06
14	0.13	9.52	4000.0	0.129938267387	2.94380960049e-09	0.130124831779	9.25708026472e-08	9.50590537092	5.45378204092e-07	9.52477098572	2.72169326593e-06	85.1675648986	4.60032285234e-07	85.1821484927	3.89754223546e-06
14	0.13	9.52	4250.0	0.12993834047	1.77284092286e-09	0.130147672091	8.04624512952e-08	9.50256017726	2.47553957602e-07	9.52565012746	2.34431834862e-06	85.1645782678	2.13022429631e-07	85.1825545461	3.64974727468e-06
14	0.13	9.52	4500.0	0.129934727633	7.04334592896e-09	0.130158978166	9.53383785115e-08	9.50123894804	9.76013295518e-07	9.5260565607	2.76299144591e-06	85.1634292946	8.48658987897e-07	85.1827976336	4.2838872588e-06
14	0.13	9.52	4750.0	0.129935280327	1.80612140444e-09	0.130149167407	9.54397412048e-08	9.50270009776	2.68252224645e-07	9.52566555462	2.84259016067e-06	85.164726977	2.30051227791e-07	85.1826301792	4.30447450795e-06
14	0.13	9.52	5000.0	0.129933886041	1.56772107582e-09	0.130143335023	9.69444465082e-08	9.50369325844	2.63470751681e-07	9.52543087885	2.8759413775e-06	85.1656257609	2.36048891107e-07	85.1825425111	4.28869686153e-06
14	0.13	9.52	5250.0	0.129932721709	2.67603659845e-09	0.130136597269	9.27569570903e-08	9.50480633325	4.65336496217e-07	9.52516003382	2.76077047564e-06	85.1666281369	3.95450345037e-07	85.1824384023	3.97522234925e-06
14	0.13	9.52	5500.0	0.129934382652	3.54269745293e-09	0.130125430277	9.31782040269e-08	9.50638125728	6.61043392903e-07	9.52472206821	2.79137505295e-06	85.1680152452	5.64430256956e-07	85.1822375332	3.88337618947e-06
14	0.13	9.52	5750.0	0.129939108768	4.50151054991e-09	0.130110593448	9.57483887509e-08	9.50827295248	9.58098243803e-07	9.52415012884	2.8856456412e-06	85.1696562815	8.18706572919e-07	85.1819485737	4.01872617443e-06
14	0.13	9.52	6000.0	0.129944975004	7.44632915861e-10	0.130095472576	9.32546794422e-08	9.51010822363	7.88022718178e-08	9.52357208421	2.73974767469e-06	85.1712365774	5.19299977697e-08	85.1816438835	3.72526601322e-06
14	0.13	9.52	6250.0	0.129949607537	7.73122995157e-10	0.130084438825	9.74474120816e-08	9.51142829916	3.99369939977e-08	9.52315026531	3.05117017043e-06	85.1723690908	3.93905006661e-08	85.1814198506	3.77644496387e-06
14	0.13	9.52	6500.0	0.129950401998	1.04438736312e-09	0.130080791144	8.24452082284e-08	9.51193867085	3.26189040216e-08	9.52300617749	2.5852964473e-06	85.17281518	3.66612522996e-08	85.1813537905	3.23534048533e-06
14	0.13	9.52	6750.0	0.129950706475	1.26529399131e-09	0.130078770021	6.3229186098e-08	9.51224861727	4.04274055667e-08	9.52292497033	1.99688968361e-06	85.1730876248	4.15088951328e-08	85.181319942	2.38648103631e-06
14	0.13	9.52	7000.0	0.129949435434	1.25854943807e-09	0.130079637556	7.90510443557e-08	9.51224594015	3.04333520752e-08	9.52295277028	2.51586722376e-06	85.1730960983	3.77815128004e-08	85.1813477339	3.15128700558e-06
14	0.13	9.52	7250.0	0.12994704812	1.52481008e-09	0.130082417272	8.63937905092e-08	9.51205261335	3.16191490585e-08	9.52305200707	2.71462619481e-06	85.1729449975	3.37669387491e-08	85.1814183934	3.30141942105e-06
14	0.13	9.52	7500.0	0.129945022608	1.54632318849e-09	0.130084865436	9.84994172098e-08	9.51187923812	2.86916386441e-08	9.52313976526	3.11337204297e-06	85.1728085525	2.77703499535e-08	85.1814800997	3.63894896297e-06
14	0.13	9.52	7750.0	0.129943680194	1.29460773735e-09	0.13008640298	8.93401662496e-08	9.51178202184	1.94219430938e-08	9.52319429572	2.88456875126e-06	85.1727338472	1.78146091457e-08	85.181519818	3.47086158712e-06
14	0.13	9.52	8000.0	0.129941731178	1.13594539362e-09	0.130089246248	8.76045595403e-08	9.51153122521	1.18025701793e-08	9.52329725117	2.72014777349e-06	85.1725275778	1.94962218998e-08	85.1815870259	3.20624696974e-06
14	0.13	9.52	8500.0	0.129940863981	7.91059638661e-10	0.130092898151	9.24772554055e-08	9.5110641057	9.59755309839e-09	9.52342875201	2.87472816051e-06	85.1721176059	9.81611645727e-09	85.1816624962	3.52990823403e-06
14	0.13	9.52	8750.0	0.129930783792	6.86150931672e-10	0.130107485136	8.83337819545e-08	9.50973631511	1.44364417567e-08	9.52395754574	2.74726443887e-06	85.171022573	1.19974229975e-08	85.1820056628	3.38059697281e-06
15	0.01	18.18	3500.0	0.00997265654998	4.43438908518e-08	0.0100221784446	2.06416600361e-08	18.3021289986	0.000338759432167	18.1685962617	0.000300691335478	87.504749684	7.33460922337e-05	87.47502397	6.67974858112e-05
15	0.01	18.18	3750.0	0.0099703737437	2.08088617496e-08	0.0100234615415	3.71984884335e-08	18.3162217347	0.000170944631487	18.168347181	0.00040403752183	87.5078058406	3.71263748689e-05	87.4749523423	8.89694891163e-05
15	0.01	18.18	4000.0	0.00996084889057	4.68890016394e-08	0.0100258808704	1.49377488037e-08	18.3675151981	0.000359541080309	18.1676584194	0.00054920898257	87.5188929539	7.72734530327e-05	87.4747638748	0.000121059000218
15	0.01	18.18	4250.0	0.00994634488299	1.01772587501e-07	0.0100315173182	5.93487033121e-08	18.4219613859	0.000673912133561	18.162603309	0.000985075979305	87.5307146435	0.000144885354186	87.4735499625	0.000217107158376
15	0.01	18.18	4500.0	0.00994449370036	9.6934374203e-08	0.0100334596	2.40955545612e-08	18.4230897419	0.00063891948183	18.1600685369	0.000970423710748	87.5310038613	0.000137293253349	87.4729629718	0.000215359465233
15	0.01	18.18	4750.0	0.00995138820022	7.09306940914e-08	0.0100307429872	1.96033960195e-08	18.3935321195	0.000483744296084	18.1621931611	0.0011451495121	87.5246124797	0.000104190151264	87.4734822774	0.000254261976624
15	0.01	18.18	5000.0	0.00995647574027	3.62571273927e-08	0.0100291400288	2.14512090507e-08	18.3731721127	0.000256024936027	18.1642110057	0.00114697987916	87.5201971426	5.54785972839e-05	87.4739611301	0.000253286916556
15	0.01	18.18	5250.0	0.0099619018046	1.86335872021e-08	0.0100271952401	2.0585931344e-08	18.3507706115	0.000141541603472	18.1663888783	0.000387249150876	87.5153338648	3.05351546922e-05	87.4744790916	8.53386552946e-05
15	0.01	18.18	5500.0	0.00996802935145	2.38754190918e-08	0.0100245192346	1.42533852815e-08	18.3244155332	0.000189403802594	18.1685969633	0.000162405367664	87.5096005289	4.10679643415e-05	87.4750171936	3.60094214235e-05
15	0.01	18.18	5750.0	0.00997411644436	1.9982405675e-08	0.010021208197	1.86952303613e-08	18.297589257	0.000167938422069	18.1706732398	0.000229945218409	87.5037499507	3.59258687753e-05	87.4755331548	5.13772032018e-05
15	0.01	18.18	6000.0	0.00997931855656	1.66937781354e-08	0.0100180472606	2.69141687932e-08	18.2749406634	0.000148419554117	18.1727838306	7.39613703945e-05	87.49879669	3.20576535738e-05	87.4760534672	1.65131110444e-05
15	0.01	18.18	6250.0	0.00998282281111	5.69779358106e-08	0.010015700195	2.21466481251e-08	18.2597376506	0.000532472822424	18.1741175076	4.18973730461e-05	87.4954651154	0.000114930627631	87.4763871418	9.14980446924e-06
15	0.01	18.18	6500.0	0.00998436847441	6.10082324484e-08	0.0100148166043	2.03102531823e-08	18.2535780221	0.000601798831412	18.1748125992	5.59905789952e-05	87.4941128351	0.000129723956876	87.4765573402	1.24184407902e-05
15	0.01	18.18	6750.0	0.00998532492268	7.06716337847e-08	0.0100142864372	2.58987544507e-08	18.2498747405	0.000729619346628	18.1752592826	3.95494279039e-05	87.4932990969	0.00015768341832	87.4766667859	8.66671121148e-06
15	0.01	18.18	7000.0	0.00998563437951	5.1749091486e-08	0.0100143440678	2.62714782977e-08	18.2488157129	0.000552466152715	18.1754992377	6.65782712644e-05	87.4930671458	0.000119338480718	87.4767209522	1.40600498721e-05
15	0.01	18.18	7250.0	0.00998561253671	7.4075188347e-08	0.0100147628108	2.73511518137e-08	18.2489454268	0.000806827131955	18.1756435905	6.46274929729e-05	87.4930983029	0.000174727369199	87.4767491402	1.38419010145e-05
15	0.01	18.18	7500.0	0.00998555947267	6.63109179031e-08	0.0100151173617	2.7244058678e-08	18.2491245565	0.000747969492102	18.1757081108	8.17043052627e-05	87.4931400293	0.000161682715883	87.4767590448	1.76538516164e-05
15	0.01	18.18	7750.0	0.00998562525001	7.27113015792e-08	0.0100153180654	2.5574986431e-08	18.2484583762	0.000817297336304	18.1757489891	8.41802015687e-05	87.4929972415	0.000176776761268	87.4767667729	1.8572994112e-05
15	0.01	18.18	8000.0	0.00998524561319	7.6130907273e-08	0.0100157921625	2.32148936767e-08	18.2502524649	0.00087921298451	18.1757179468	8.89991584296e-05	87.4933917342	0.000190078995901	87.4767546192	1.87899737658e-05
15	0.01	18.18	8500.0	0.00998389396436	3.08314069664e-08	0.0100162442931	1.51385213562e-08	18.2554039118	0.000327782988156	18.1746683438	0.000181427356837	87.4945235099	7.10454772971e-05	87.4765141914	3.98254290851e-05
15	0.01	18.18	8750.0	0.00998156760726	4.61728765798e-08	0.0100186249448	2.09265881529e-08	18.2680395832	0.000500465708214	18.1741977554	0.00022091426887	87.4972880052	0.000108363542599	87.4763808209	4.85135289478e-05
16	0.07	18.18	3500.0	0.0699500397043	2.71643198702e-09	0.070070463262	9.45974986782e-08	18.1473753274	1.99134019244e-06	18.1904839242	2.07882085953e-05	87.4710045818	4.27668279401e-07	87.4796609775	6.30902853496e-06
16	0.07	18.18	3750.0	0.0699460330133	3.33413512665e-09	0.0700745210109	9.69699699716e-08	18.1461582039	2.4845577115e-06	18.1910680131	2.02762222963e-05	87.4707543535	5.57157012375e-07	87.4797650689	6.41597621545e-06
16	0.07	18.18	4000.0	0.0699442100029	1.8495997822e-09	0.0700790625231	7.22932441291e-08	18.1445403607	1.08055353049e-06	18.1917979976	1.72728616883e-05	87.4703889532	2.39497677877e-07	87.4798694068	5.56913237571e-06
16	0.07	18.18	4250.0	0.0699361279325	4.44734392759e-09	0.0700949320183	5.2190807792e-08	18.1382259609	2.92904783078e-06	18.1942300681	1.3617294657e-05	87.4690037056	6.54927114994e-07	87.4802542149	4.44494276722e-06
16	0.07	18.18	4500.0	0.0699309960369	6.7656989668e-09	0.070102302067	8.58687279852e-08	18.1357497353	4.43738338437e-06	18.1953036466	2.43652540032e-05	87.4684739332	9.91331245035e-07	87.4804484493	7.83000258894e-06
16	0.07	18.18	4750.0	0.0699347513088	5.06643186104e-09	0.0700955738637	7.18799914015e-08	18.1386885509	3.33857207385e-06	18.1942484624	1.78758875384e-05	87.4691152036	7.5072144983e-07	87.4802898452	5.74419942051e-06
16	0.07	18.18	5000.0	0.0699366076068	7.68494182337e-09	0.0700913633978	1.16361931037e-07	18.1404782592	5.50720324814e-06	18.1935823467	2.77019826991e-05	87.4695123099	1.22410265098e-06	87.4801941369	8.72620983087e-06
16	0.07	18.18	5250.0	0.0699383573705	5.4996056698e-09	0.0700864376763	1.08469145209e-07	18.1428813296	4.17024089098e-06	18.1928018165	2.59397930736e-05	87.4700439207	9.13075736496e-07	87.4800787985	8.11104191373e-06
16	0.07	18.18	5500.0	0.0699420118657	5.03164609724e-09	0.0700786956639	1.00674102483e-07	18.1467213147	3.94709852183e-06	18.1916103585	2.26497291343e-05	87.4708801903	8.77148065098e-07	87.4798932398	6.98119248355e-06
16	0.07	18.18	5750.0	0.069947681648	3.69648528293e-09	0.0700687743876	8.14590095293e-08	18.1514570785	2.74266202224e-06	18.1901097411	1.76755887174e-05	87.4719008692	6.1870246532e-07	87.4796507598	5.37827628616e-06
16	0.07	18.18	6000.0	0.0699538042771	5.30089639923e-09	0.0700588563491	2.68014517124e-08	18.1560991184	5.01953948408e-06	18.1886264787	4.71580571913e-06	87.4728962462	1.12162552012e-06	87.4794079618	1.35508508218e-06
16	0.07	18.18	6250.0	0.0699583939725	4.66785847462e-09	0.070051581445	5.6535946595e-08	18.1594844944	4.5892052529e-06	18.1875352307	1.09541112206e-05	87.4736204207	1.02366276245e-06	87.4792270193	3.15442422378e-06
16	0.07	18.18	6500.0	0.0699595443352	3.75200262652e-09	0.0700489804913	6.54036820797e-08	18.1609291379	3.75581451272e-06	18.187134611	1.27236128103e-05	87.4739338814	8.19323536832e-07	87.4791643455	3.6543792551e-06
16	0.07	18.18	6750.0	0.0699601628941	3.20821797988e-09	0.0700474604482	4.32072378356e-08	18.1618068555	3.41111175926e-06	18.1868992577	8.60138862173e-06	87.4741248967	7.62337355137e-07	87.479128552	2.50314793686e-06
16	0.07	18.18	7000.0	0.0699594394824	1.73923288398e-09	0.0700477757665	3.54589935037e-08	18.1618926872	1.99006723953e-06	18.1869343059	6.94197135141e-06	87.4741484083	4.42593357663e-07	87.4791389122	1.96620336642e-06
16	0.07	18.18	7250.0	0.0699578185974	4.03045778286e-10	0.0700492418769	2.88248682199e-08	18.1614944325	3.64051895209e-07	18.1871373633	5.08021963792e-06	87.4740701114	8.23149174508e-08	87.4791781461	1.44365748602e-06
16	0.07	18.18	7500.0	0.0699564531565	3.19387969339e-10	0.07005054738	1.98611834615e-08	18.1611033283	1.67864157553e-07	18.187319543	2.94952577915e-06	87.4739919732	4.35089449525e-08	87.4792131218	8.0964406346e-07
16	0.07	18.18	7750.0	0.0699555875773	2.78214475777e-09	0.0700513017769	6.31270723273e-08	18.1608807955	3.3332436177e-06	18.1874206105	1.17023683123e-05	87.4739481572	7.41820128857e-07	87.4792324182	3.30422166301e-06
16	0.07	18.18	8000.0	0.0699540748927	1.49099826425e-09	0.070052968092	4.69683246635e-08	18.1603538938	1.74266350663e-06	18.187657987	8.56185096454e-06	87.4738400308	3.90874007887e-07	87.4792765413	2.40612350876e-06
16	0.07	18.18	8500.0	0.0699525107915	3.72736702443e-09	0.0700555624466	5.66508961682e-08	18.1595428706	4.21156037306e-06	18.1880346366	1.18669974256e-05	87.473665495	9.40550698884e-07	87.4793442516	3.37124196225e-06
16	0.07	18.18	8750.0	0.0699443925578	9.59226247166e-10	0.0700640703133	4.07380890707e-08	18.1570145052	1.03731183806e-06	18.1892481819	6.84549950295e-06	87.4731498752	2.28672439964e-07	87.4795673462	1.9067438722e-06
17	0.13	18.18	3500.0	0.12993970965	1.03545080949e-09	0.13011240631	3.27426336122e-08	18.156466259	8.01888722986e-08	18.1882463706	1.83855560432e-06	87.4725030551	1.45633549081e-08	87.4791700622	6.92620348629e-07
17	0.13	18.18	3750.0	0.129935461453	1.38744307676e-09	0.130119123093	3.255716062e-08	18.1551055408	1.4851503687e-07	18.1887172886	1.82075979663e-06	87.4721919046	2.94957546515e-08	87.4792497922	6.86761635455e-07
17	0.13	18.18	4000.0	0.129938274509	3.99613306832e-09	0.130124874843	4.89542070532e-08	18.1528502856	1.34713469268e-06	18.1891638568	2.66595190738e-06	87.4716298334	3.14469106657e-07	87.479287692	1.07612603801e-06
17	0.13	18.18	4250.0	0.129938350779	2.8704947018e-09	0.130147679977	1.07795248213e-07	18.146403867	8.42071039306e-07	18.1908486088	6.11136206598e-06	87.4700617194	1.9398558596e-07	87.4795000971	2.56497172201e-06
17	0.13	18.18	4500.0	0.129934737525	1.39354667112e-09	0.130158982416	8.78541220017e-08	18.1438587545	3.69622529131e-07	18.1916292711	4.95011927413e-06	87.469458551	8.88640937902e-08	87.4796276232	2.19651010867e-06
17	0.13	18.18	4750.0	0.129935290075	3.42916131424e-09	0.130149161497	8.75376053438e-08	18.1466740755	9.94817155407e-07	18.1908787872	4.94354145974e-06	87.4701398232	2.33707849843e-07	87.4795394215	2.03355945305e-06
17	0.13	18.18	5000.0	0.129933895586	3.2839773779e-09	0.130143354889	9.36400134229e-08	18.1485879528	1.04882708353e-06	18.190430334	5.56934962621e-06	87.4706116685	2.42556392938e-07	87.4794939708	2.1900420375e-06
17	0.13	18.18	5250.0	0.129932728464	5.31511238668e-09	0.130136609746	8.22850318786e-08	18.1507336154	1.78260932064e-06	18.1899106631	4.71816877751e-06	87.4711380842	4.1384821821e-07	87.4794391293	1.82976359729e-06
17	0.13	18.18	5500.0	0.129934385153	1.55321324962e-09	0.130125452538	6.20785062217e-08	18.1537696356	1.16476547291e-07	18.1890710078	3.73886567673e-06	87.4718666949	3.30589883021e-08	87.479333867	1.35550290178e-06
17	0.13	18.18	5750.0	0.129939113986	1.44613295285e-09	0.1301106128	3.96906351786e-08	18.1574128392	1.41801324706e-07	18.187973214	2.41279703442e-06	87.4727279991	4.12737860145e-08	87.4791821392	9.20263303935e-07
17	0.13	18.18	6000.0	0.129944980453	1.9191905682e-09	0.13009547917	4.08815555533e-08	18.160947425	7.68273296778e-08	18.1868628391	2.24059049267e-06	87.4735574872	2.3797007961e-08	87.4790219249	7.49060284554e-07
17	0.13	18.18	6250.0	0.129949611679	2.30686995799e-09	0.130084430051	2.3939174255e-08	18.1634905942	2.33091863005e-07	18.1860519505	1.34773165947e-06	87.4741521457	6.46910460816e-08	87.4789039628	4.71683923587e-07
17	0.13	18.18	6500.0	0.12995040604	1.6865728607e-09	0.130080801127	3.96087232995e-08	18.1644739876	2.61013967793e-07	18.1857764854	2.22517955506e-06	87.4743863694	6.76784319978e-08	87.4788696614	7.14386335321e-07
17	0.13	18.18	6750.0	0.129950710481	2.12530559691e-09	0.130078748094	3.34579368157e-08	18.1650712289	3.64645693742e-07	18.1856188113	1.63766591079e-06	87.4745294175	9.33086653319e-08	87.4788512359	6.00777865391e-07
17	0.13	18.18	7000.0	0.129949439349	2.0966759354e-09	0.130079625256	3.39333788508e-08	18.1650662239	2.67632250496e-07	18.1856729783	1.87804400215e-06	87.4745338531	7.33990377896e-08	87.4788660495	5.99215608597e-07
17	0.13	18.18	7250.0	0.129947052149	2.01381200029e-09	0.130082397711	3.34975791516e-08	18.1646940963	2.66583632541e-07	18.1858634888	1.87058429417e-06	87.4744545244	6.78270317479e-08	87.4789030174	6.3869446217e-07
17	0.13	18.18	7500.0	0.129945026856	1.81932229342e-09	0.130084851052	3.42616641985e-08	18.1643603157	2.81205172162e-07	18.1860325754	1.71103066929e-06	87.4743828803	7.27793243698e-08	87.4789354899	6.2139256746e-07
17	0.13	18.18	7750.0	0.129943684006	2.17989968976e-09	0.130086399503	3.56014264524e-08	18.1641732438	3.39188149941e-07	18.1861381005	1.91320312862e-06	87.4743436676	8.6946940003e-08	87.478956504	6.16908070138e-07
17	0.13	18.18	8000.0	0.129941734794	2.49240928469e-09	0.130089250233	3.5555710315e-08	18.1636902745	3.63484085303e-07	18.1863364327	2.00210143586e-06	87.4742353672	9.43291008483e-08	87.4789919592	5.552513412e-07
17	0.13	18.18	8500.0	0.129940868769	1.89465224569e-09	0.130092912388	4.35586135051e-08	18.1627900645	2.18152107542e-07	18.1865897846	2.34899561425e-06	87.4740200735	5.94237927814e-08	87.4790318067	7.67249848393e-07
17	0.13	18.18	8750.0	0.12993078808	2.20473511827e-09	0.130107526183	4.15264956597e-08	18.1602330811	4.10255727601e-07	18.1876078176	2.29427645574e-06	87.473445149	1.03629574276e-07	87.4792124646	7.27117297082e-07
18	0.01	200	3500.0	0.00997266588698	4.27954181302e-08	0.0100221727216	2.1719266649e-08	201.346762886	0.00380456587366	199.874240191	0.00342279195325	89.7732558853	6.76239125551e-06	89.7705530777	6.10801315686e-06
18	0.01	200	3750.0	0.00997037667692	2.51896540964e-08	0.0100234610759	3.09502985849e-08	201.502948158	0.0023457281379	199.871495869	0.00371715791779	89.7735351556	4.1577015677e-06	89.7705465959	6.78076815448e-06
18	0.01	200	4000.0	0.00996084579318	6.26552684828e-08	0.0100258793628	2.00524840111e-08	202.069426487	0.00529100266589	199.864536823	0.00509001854761	89.7745447658	9.37696983215e-06	89.7705306102	9.26658281434e-06
18	0.01	200	4250.0	0.00994631193262	6.23722003648e-08	0.0100315384221	4.91959203195e-08	202.672338282	0.00460826434671	199.800244107	0.0135314362345	89.7756241069	8.15147967077e-06	89.7704046865	2.47370174707e-05
18	0.01	200	4500.0	0.00994456509438	2.08476603868e-07	0.0100334243085	7.08534582164e-08	202.677209253	0.0151638502047	199.789392473	0.0142988205075	89.7756369733	2.68369208444e-05	89.7703824712	2.59852022671e-05
18	0.01	200	4750.0	0.00995139441666	8.26179996499e-08	0.0100307377504	3.02181268381e-08	202.355774943	0.00623032547414	199.806576206	0.0125750046278	89.7750638328	1.10434300996e-05	89.7704182801	2.28791579966e-05
18	0.01	200	5000.0	0.00995648066378	5.19621737741e-08	0.0100291188213	3.26379760874e-08	202.131238133	0.004038428978	199.83239157	0.00326486986646	89.7746623087	7.22737577016e-06	89.7704682716	5.98026083715e-06
18	0.01	200	5250.0	0.00996189703884	2.39423933698e-08	0.0100271934195	2.2704841014e-08	201.884831065	0.0019813977466	199.850120105	0.00358754992593	89.7742212124	3.51895868894e-06	89.7705039275	6.561542133e-06
18	0.01	200	5500.0	0.00996802785666	2.33656842749e-08	0.0100245195759	1.87831449339e-08	201.593722654	0.00203284485567	199.873321112	0.00275058119203	89.7736990868	3.62234838197e-06	89.770550781	4.99317619921e-06
18	0.01	200	5750.0	0.00997411055554	1.38333824042e-08	0.0100212093879	1.73685195381e-08	201.29812749	0.00127565177048	199.897342121	0.00158242125485	89.7731675029	2.23848402853e-06	89.7705997309	2.92086515278e-06
18	0.01	200	6000.0	0.00997926755326	8.22395975392e-08	0.0100180411888	2.5167518629e-08	201.052662212	0.00806743251042	199.920344092	0.000631785760228	89.7727247728	1.43647882024e-05	89.7706465441	1.15305578943e-06
18	0.01	200	6250.0	0.00998279811071	8.531413691e-08	0.0100156997752	2.18207098325e-08	200.882470546	0.00883045322847	199.934730376	0.000775687878157	89.7724173317	1.57282793257e-05	89.7706763167	1.4209742177e-06
18	0.01	200	6500.0	0.00998434845722	7.85570522067e-08	0.0100148201914	2.46092460729e-08	200.814092657	0.00854466712971	199.942602757	0.000610905882084	89.7722935662	1.52305964505e-05	89.7706921755	1.1158663159e-06
18	0.01	200	6750.0	0.00998533568533	8.0907742091e-08	0.0100142780319	2.5160774405e-08	200.769834294	0.00914876586427	199.947385146	0.000617330789233	89.7722134707	1.63145536827e-05	89.7707018043	1.20231543726e-06
18	0.01	200	7000.0	0.00998564715777	6.78684132651e-08	0.0100143496329	2.96560157712e-08	200.757916525	0.00795235636682	199.950335206	0.000942406331701	89.7721919505	1.4176340143e-05	89.7707073202	1.69305654665e-06
18	0.01	200	7250.0	0.00998560350134	7.25999241914e-08	0.0100147613303	3.10703468593e-08	200.761926089	0.00877897782236	199.951812595	0.0006519016205	89.772199385	1.56639537006e-05	89.7707096648	1.1767540996e-06
18	0.01	200	7500.0	0.00998555027887	5.62919132682e-08	0.0100151231259	3.22779933968e-08	200.763943102	0.00698174380575	199.952354713	0.000790985004979	89.7722032527	1.24509923734e-05	89.7707102889	1.4168394976e-06
18	0.01	200	7750.0	0.00998562427325	7.28033703687e-08	0.010015319492	2.87499357807e-08	200.755637708	0.00917554445464	199.952913628	0.000964873634671	89.7721885509	1.63287965253e-05	89.7707111694	1.69511488389e-06
18	0.01	200	8000.0	0.00998524411388	7.72966830973e-08	0.0100157976868	3.88412932175e-08	200.775452816	0.00972773072409	199.952533307	0.000985023180334	89.7722244834	1.73352252247e-05	89.7707099517	1.74466569495e-06
18	0.01	200	8500.0	0.00998391413049	6.39180378138e-08	0.0100162398253	2.18128479631e-08	200.829668681	0.00738095975124	199.940734818	0.00208255563789	89.7723227697	1.31853360365e-05	89.7706877223	3.74500055726e-06
18	0.01	200	8750.0	0.00998154700094	5.94385478393e-08	0.0100186142758	2.67824958554e-08	200.973952375	0.0070803408471	199.935283741	0.00200961338321	89.7725829732	1.26420976251e-05	89.7706750872	3.62373303751e-06
19	0.07	200	3500.0	0.069950045751	3.07713102399e-09	0.070070463485	6.91317010913e-08	199.640009228	2.55651594114e-05	200.115599657	0.000164575281011	89.770187069	4.61105467025e-08	89.7709747511	4.06662673396e-07
19	0.07	200	3750.0	0.0699460396003	3.09885943146e-09	0.0700745139123	9.14984232894e-08	199.626578008	2.57164890314e-05	200.122036972	0.000222079684709	89.7701642944	4.77449964706e-08	89.7709842135	5.67374619948e-07
19	0.07	200	4000.0	0.0699442164519	3.01365156863e-09	0.07007906717	8.78943236541e-08	199.608734383	2.14942914218e-05	200.130102509	0.000227552675849	89.7701310644	3.92924454786e-08	89.7709937547	5.96125353223e-07
19	0.07	200	4250.0	0.0699361346885	6.94546291486e-09	0.0700949617104	9.26793832881e-08	199.53907043	5.04536491814e-05	200.156981919	0.000260357910894	89.7700050425	9.34259038559e-08	89.7710289438	6.97444815547e-07
19	0.07	200	4500.0	0.0699310060827	6.33138924195e-09	0.0701022887691	7.70121880474e-08	199.511728075	4.61952568823e-05	200.168704716	0.000225314960355	89.7699568007	8.48722742731e-08	89.7710463034	5.97560837765e-07
19	0.07	200	4750.0	0.0699347578452	7.58085266808e-09	0.0700956035229	1.0646684512e-07	199.544176515	5.60252021339e-05	200.157193911	0.000282085795055	89.7700151882	1.03643385015e-07	89.7710321917	7.25444796676e-07
19	0.07	200	5000.0	0.0699366170179	6.51777050618e-09	0.0700913504813	1.00917606945e-07	199.56389735	5.07909704245e-05	200.149739421	0.00026856704041	89.7700512691	9.31481510548e-08	89.7710231949	6.96945005882e-07
19	0.07	200	5250.0	0.0699383620598	8.28919601932e-09	0.0700864700983	8.30858173358e-08	199.590450764	7.36980706942e-05	200.141253891	0.000191520365682	89.7700997064	1.34483785158e-07	89.7710129971	4.75300209013e-07
19	0.07	200	5500.0	0.0699420146937	1.13419166163e-08	0.070078739216	4.93683882987e-08	199.632832582	0.000100887771454	200.128138116	0.000106477084636	89.770175818	1.84930566536e-07	89.7709961625	2.56281169517e-07
19	0.07	200	5750.0	0.0699476866082	4.64289366919e-09	0.0700687856293	6.11271787146e-08	199.685060539	3.73651099644e-05	200.111512008	0.000144785884846	89.7702686404	6.95789412646e-08	89.7709738971	3.53319292479e-07
19	0.07	200	6000.0	0.0699538090472	4.60544514425e-09	0.0700588408835	2.20228658619e-08	199.736276059	5.11372300911e-05	200.095089338	5.09396321175e-05	89.770359202	9.29389989608e-08	89.770951636	1.2427621697e-07
19	0.07	200	6250.0	0.0699583965163	2.57635300673e-09	0.0700515943355	2.2244610971e-08	199.773648092	2.9344078383e-05	200.083120446	4.29706543144e-05	89.7704251284	5.40325272695e-08	89.7709353267	1.02064178199e-07
19	0.07	200	6500.0	0.0699595456115	7.56685872827e-10	0.0700490035202	1.37233587005e-08	199.789603413	6.74496001813e-06	200.078723666	4.09284179885e-05	89.7704536768	1.2072565633e-08	89.7709296721	9.55394103116e-08
19	0.07	200	6750.0	0.0699601649713	8.6403496411e-10	0.0700474665815	2.06722744645e-08	199.799276437	9.08440441926e-06	200.076096314	3.94394143396e-05	89.7704710357	1.65592752012e-08	89.7709263366	9.32087033988e-08
19	0.07	200	7000.0	0.0699594426257	6.30999826789e-10	0.0700477751711	1.61718086414e-08	199.800211639	5.98222170914e-06	200.076467036	3.0836624639e-05	89.7704731516	1.12462705388e-08	89.7709272391	7.2725387696e-08
19	0.07	200	7250.0	0.0699578225226	5.09024560702e-10	0.0700492318328	1.72511875204e-08	199.795807457	4.50891963696e-06	200.078688664	3.33538574641e-05	89.7704660073	8.43002821682e-09	89.770930769	7.61417071175e-08
19	0.07	200	7500.0	0.0699564571756	4.82109390143e-10	0.0700505354153	1.81495175707e-08	199.791491353	3.75366358769e-06	200.080690569	2.92218421627e-05	89.770458895	7.21850728524e-09	89.7709339322	6.41707994731e-08
19	0.07	200	7750.0	0.0699555897448	5.47832530806e-10	0.0700513237925	1.71518688505e-08	199.789061351	5.03852539605e-06	200.081878623	3.47354393165e-05	89.7704549536	9.43016373895e-09	89.770935859	8.28700438106e-08
19	0.07	200	8000.0	0.0699540783502	6.76209649475e-10	0.0700529668019	1.76392489506e-08	199.783231439	9.12336098253e-06	200.084448843	3.66070367984e-05	89.7704450848	1.60736239124e-08	89.7709397621	8.50689956494e-08
19	0.07	200	8500.0	0.0699525129207	3.95481673343e-10	0.0700555759238	1.29671208734e-08	199.774303861	3.91781734717e-06	200.088637423	3.05630573239e-05	89.7704292421	7.37283780694e-09	89.770946006	6.87381190858e-08
19	0.07	200	8750.0	0.069944398728	3.08575071941e-09	0.070064027367	6.53957061413e-08	199.746361561	3.9617318011e-05	200.101903742	0.00013472496034	89.7703822364	7.29703044399e-08	89.7709660299	3.12209454991e-07
20	0.13	200	3500.0	0.129939712184	6.66403340643e-10	0.130112387001	2.93198790886e-08	199.740271129	4.4585912845e-07	200.090897578	1.67302956892e-05	89.7703234573	6.97205250333e-10	89.7709300478	5.15526938813e-08
20	0.13	200	3750.0	0.129935464456	1.11372515637e-09	0.130119099736	2.74687727074e-08	199.725253904	4.47670663274e-07	200.096088355	1.74715029626e-05	89.7702951454	1.3545584622e-09	89.7709372952	5.18325746526e-08
20	0.13	200	4000.0	0.129938275396	3.95802942874e-09	0.130124847278	3.55539653727e-08	199.700366194	1.66005604804e-05	200.101005157	2.05771181099e-05	89.7702440194	3.16411385242e-08	89.7709407383	6.53605771831e-08
20	0.13	200	4250.0	0.129938355654	2.29601777018e-09	0.130147711045	4.83631595072e-08	199.629198853	7.24507075998e-06	200.119606628	3.17504670243e-05	89.7701013179	1.39513106092e-08	89.7709601856	1.0055209726e-07
20	0.13	200	4500.0	0.129934740621	2.90236207807e-09	0.13015897639	8.40136886117e-08	199.601113998	8.57305519187e-06	200.128190438	5.30323366308e-05	89.7700464481	1.67104032329e-08	89.7709717056	1.83908003049e-07
20	0.13	200	4750.0	0.129935294908	3.03490394808e-09	0.130149196924	4.12025864118e-08	199.632183147	9.92253589547e-06	200.119947515	2.73051679274e-05	89.7701084241	1.91049597902e-08	89.7709637686	8.70654005297e-08
20	0.13	200	5000.0	0.129933897721	5.26549617741e-09	0.130143355385	4.3119241456e-08	199.653317821	1.82044807005e-05	200.114984827	3.10885432903e-05	89.7701513723	3.49703059726e-08	89.7709595571	9.70891942501e-08
20	0.13	200	5250.0	0.129932731435	6.06749063392e-09	0.130136630041	4.10810972145e-08	199.676998753	2.203618267e-05	200.109275931	2.41229478496e-05	89.7701992627	4.2414852166e-08	89.7709546177	8.13302887224e-08
20	0.13	200	5500.0	0.129934388953	2.11051498504e-09	0.130125447756	3.97706571013e-08	199.710506036	2.66039472602e-06	200.100006678	2.69784363706e-05	89.7702655514	5.80965397603e-09	89.7709449918	7.90196921827e-08
20	0.13	200	5750.0	0.12993911599	1.28422137224e-09	0.130110612528	4.23560663271e-08	199.750719201	1.87959995668e-06	200.087904716	2.56335114829e-05	89.7703439257	4.19046870803e-09	89.7709311844	7.34321688128e-08
20	0.13	200	6000.0	0.129944982961	1.39107682313e-09	0.130095486643	2.87848752824e-08	199.789730551	1.40089777624e-06	200.075668354	1.59815870043e-05	89.7704194001	3.36457392507e-09	89.7709166159	4.91803229949e-08
20	0.13	200	6250.0	0.129949613496	2.01026812643e-09	0.130084428053	3.54801937044e-08	199.817800306	3.50585191919e-06	200.06672378	2.10748845869e-05	89.7704735098	7.6038806057e-09	89.7709058689	6.17521504992e-08
20	0.13	200	6500.0	0.129950407202	2.51232904906e-09	0.130080800195	4.94945714418e-08	199.82865606	5.95400338983e-06	200.063690481	2.96900332232e-05	89.7704948247	1.19870149049e-08	89.7709027466	8.00612599193e-08
20	0.13	200	6750.0	0.129950711613	2.73178240915e-09	0.130078749941	4.04840181697e-08	199.835248179	6.85625415177e-06	200.061955265	2.46398180433e-05	89.7705078404	1.39237207364e-08	89.7709010792	6.97954991168e-08
20	0.13	200	7000.0	0.129949440295	2.56983955422e-09	0.130079638548	3.88874934484e-08	199.83519398	5.94516319006e-06	200.062562344	2.38234885924e-05	89.7705082444	1.22126745708e-08	89.7709024493	6.67707262366e-08
20	0.13	200	7250.0	0.129947053452	2.02979762025e-09	0.130082415777	4.0712642147e-08	199.831087174	4.80485154106e-06	200.064666257	2.50525280713e-05	89.7705010246	9.53210615933e-09	89.7709058158	7.33080828596e-08
20	0.13	200	7500.0	0.129945028511	1.66203881784e-09	0.13008486314	4.35394183172e-08	199.827403139	3.71409783498e-06	200.066526269	2.572677229e-05	89.7704945036	7.58702539514e-09	89.7709087605	7.4516917492e-08
20	0.13	200	7750.0	0.129943685224	1.9264931211e-09	0.130086400112	3.8918890887e-08	199.825340694	5.83614686958e-06	200.067684078	2.44679425959e-05	89.7704909387	1.14771658545e-08	89.7709106579	6.16757858609e-08
20	0.13	200	8000.0	0.129941736423	2.36406261733e-09	0.130089265252	5.76749030469e-08	199.820009837	6.21999060074e-06	200.069881029	3.64882074376e-05	89.7704810824	1.24606989942e-08	89.7709139091	9.18836415551e-08
20	0.13	200	8500.0	0.129940869654	2.44738908313e-09	0.13009291517	4.96521482375e-08	199.810075223	6.0040466996e-06	200.072664242	3.11891206493e-05	89.7704614964	1.22347022241e-08	89.7709175065	8.85320145386e-08
20	0.13	200	8750.0	0.129930791127	2.12865754523e-09	0.130107524638	4.03560838296e-08	199.781852901	4.4836992486e-06	200.083890418	2.49710137448e-05	89.7704091748	9.09062605672e-09	89.7709339387	6.63124225269e-08
