# Results of the simulations. Done for the linear LD law with:
# Period = 1.0, t0 = 0.0, b = 0.0, N = 1000 and n_try = 100
#
# gnum 	 input_p 	 input_a 	 input_teff 	 p_fixed 	 sigma_p_fixed 	 p_float 	 sigma_p_float 	 a_fixed 	 sigma_a_fixed 	 a_float 	 sigma_a_float	 i_fixed 	 sigma_i_fixed 	 i_float 	 sigma_i_float
0	0.01	3.27	3500.0	0.00994742086515	6.31411594316e-09	0.0100097537421	5.77597459878e-08	3.27256859155	4.09225907156e-06	3.27797469279	1.3078017282e-05	90.0	0.0	90.0	0.0
0	0.01	3.27	3750.0	0.00995020452172	7.04956194626e-09	0.0100094819653	1.68983146506e-07	3.27236861224	4.26645878014e-06	3.27745884219	5.95537958241e-05	90.0	0.0	90.0	0.0
0	0.01	3.27	4000.0	0.00996442928215	5.74952811501e-09	0.0100087223903	3.77222101124e-08	3.2712976114	3.59871321431e-06	3.27541289619	1.46798013156e-05	90.0	0.0	90.0	0.0
0	0.01	3.27	4250.0	0.00998258145255	1.74274811715e-09	0.0100053190503	1.2250538715e-08	3.27024383446	1.4386175384e-06	3.27258322709	1.6606532504e-06	90.0	0.0	90.0	0.0
0	0.01	3.27	4500.0	0.0099854474435	3.67479440464e-09	0.0100036428472	2.09976437292e-08	3.27020752997	5.8785819526e-06	3.27208162359	6.1736129029e-07	90.0	0.0	90.0	0.0
0	0.01	3.27	4750.0	0.00998040408558	1.45223654722e-09	0.0100038339855	2.50278328821e-08	3.27057939563	6.69700019015e-07	3.27287945016	4.78590234317e-06	90.0	0.0	90.0	0.0
0	0.01	3.27	5000.0	0.00997439139233	3.68759103193e-09	0.0100043120447	9.88790316117e-08	3.2709832656	1.88926763931e-06	3.27381226797	4.25372578536e-05	90.0	0.0	90.0	0.0
0	0.01	3.27	5250.0	0.00996866605044	4.03228370913e-09	0.0100047079024	8.26271511733e-08	3.2713867093	1.23735042708e-06	3.27462198407	3.30921318502e-05	90.0	0.0	90.0	0.0
0	0.01	3.27	5500.0	0.00996401780543	8.09559005879e-09	0.0100049845662	4.87347607709e-08	3.27174172421	2.84866843535e-06	3.27523288654	1.70351018175e-05	90.0	0.0	90.0	0.0
0	0.01	3.27	5750.0	0.00996041706409	7.37329474116e-09	0.0100052344237	4.31711741045e-08	3.27203455687	3.19729402376e-06	3.27566483182	1.44631911056e-05	90.0	0.0	90.0	0.0
0	0.01	3.27	6000.0	0.00995756924613	6.93918928698e-09	0.010005614793	9.79128776097e-08	3.27226763084	2.78274554134e-06	3.27597600012	3.04116963407e-05	90.0	0.0	90.0	0.0
0	0.01	3.27	6250.0	0.00995589623782	7.55983879643e-09	0.010005854282	8.75393142383e-08	3.27241793392	2.97330275377e-06	3.27612051605	2.76195591755e-05	90.0	0.0	90.0	0.0
0	0.01	3.27	6500.0	0.00995520010083	5.49963447509e-09	0.0100060294041	1.11898573836e-07	3.27248959035	2.02966271207e-06	3.27612890231	3.37057211399e-05	90.0	0.0	90.0	0.0
0	0.01	3.27	6750.0	0.00995461310072	8.19645516126e-09	0.0100061206147	8.90205539282e-08	3.27254912827	2.79089601009e-06	3.27613893457	2.74474773241e-05	90.0	0.0	90.0	0.0
0	0.01	3.27	7000.0	0.00995405334727	8.44003978393e-09	0.0100061596279	6.0277341961e-08	3.27260470705	3.57491929625e-06	3.27616094971	1.82892475718e-05	90.0	0.0	90.0	0.0
0	0.01	3.27	7250.0	0.00995335285328	6.65889585925e-09	0.0100061903157	9.06122243818e-08	3.27266659529	2.79014919522e-06	3.27620687365	2.73289257186e-05	90.0	0.0	90.0	0.0
0	0.01	3.27	7500.0	0.00995261186351	1.35965973118e-08	0.010006133535	4.53076867704e-08	3.27273459729	8.05377605801e-06	3.27626828945	1.27220314267e-05	90.0	0.0	90.0	0.0
0	0.01	3.27	7750.0	0.00995202096117	9.77560848117e-09	0.0100060415848	1.09005572819e-07	3.27279278052	4.06896929285e-06	3.2763180121	4.41671500444e-05	90.0	0.0	90.0	0.0
0	0.01	3.27	8000.0	0.0099523128522	1.16642116156e-08	0.0100058172281	5.76691739213e-08	3.27278476107	5.21345333335e-06	3.2762603362	1.5847656876e-05	90.0	0.0	90.0	0.0
0	0.01	3.27	8500.0	0.00995673029909	9.27050539055e-09	0.0100043121057	3.46929961146e-08	3.27253077838	3.21427129962e-06	3.27571061403	1.13220252622e-05	90.0	0.0	90.0	0.0
0	0.01	3.27	8750.0	0.0099592720167	9.06541187977e-09	0.0100041405046	7.53425905565e-08	3.27234943236	2.44762261404e-06	3.27529671336	2.58230957112e-05	90.0	0.0	90.0	0.0
1	0.07	3.27	3500.0	0.0695898646191	2.15289217766e-09	0.07039213406	1.07267409023e-07	3.2655835447	4.71408863011e-07	3.29175774919	5.8345162175e-06	90.0	0.0	90.0	0.0
1	0.07	3.27	3750.0	0.0696098073958	2.25357342007e-09	0.0703643443591	1.47938860262e-07	3.26552987492	4.36403898511e-07	3.29012369406	7.76417789169e-06	90.0	0.0	90.0	0.0
1	0.07	3.27	4000.0	0.0697135841976	1.16261267407e-09	0.070252915204	8.63728436304e-08	3.26534563984	2.11927846331e-07	3.28359445714	4.85388453766e-06	90.0	0.0	90.0	0.0
1	0.07	3.27	4250.0	0.0698543096166	4.26748928402e-09	0.0701046037896	1.05902917509e-08	3.26666220823	7.44519214298e-07	3.27551131122	5.32197818552e-07	90.0	0.0	90.0	0.0
1	0.07	3.27	4500.0	0.0698799766153	7.38302171199e-10	0.0700881389624	1.92496711551e-08	3.26750220117	2.61983711922e-07	3.27487178407	6.8706976714e-07	90.0	0.0	90.0	0.0
1	0.07	3.27	4750.0	0.0698433409439	8.37831037348e-10	0.0701416230891	4.70553576296e-08	3.26755427894	2.59089125791e-07	3.27795641128	2.36824126435e-06	90.0	0.0	90.0	0.0
1	0.07	3.27	5000.0	0.0697988723121	1.68478989546e-09	0.0701961915618	8.68380303233e-08	3.26747073343	4.20127560405e-07	3.28108736292	4.45295185104e-06	90.0	0.0	90.0	0.0
1	0.07	3.27	5250.0	0.0697565040087	3.02086145079e-09	0.0702422611556	1.17079768447e-07	3.26742025727	5.64308251568e-07	3.28373474953	6.5891551231e-06	90.0	0.0	90.0	0.0
1	0.07	3.27	5500.0	0.0697223164825	4.48019529262e-09	0.0702755302994	1.76853277055e-08	3.26744979772	8.04346600487e-07	3.28564099602	9.27234466273e-07	90.0	0.0	90.0	0.0
1	0.07	3.27	5750.0	0.0696957324672	4.28813329572e-09	0.0702980919829	1.71357848975e-07	3.26749313234	7.2434867863e-07	3.28690321102	1.01491111226e-05	90.0	0.0	90.0	0.0
1	0.07	3.27	6000.0	0.0696741387565	5.98523671258e-09	0.0703118938937	1.20079600225e-07	3.26746692949	9.07779380304e-07	3.28761361991	7.28719365883e-06	90.0	0.0	90.0	0.0
1	0.07	3.27	6250.0	0.0696613942852	1.48984231614e-08	0.0703169292794	1.99528767617e-07	3.267475317	2.27535539354e-06	3.28783181252	1.07043709974e-05	90.0	0.0	90.0	0.0
1	0.07	3.27	6500.0	0.0696557043462	1.02102446111e-08	0.0703144902596	1.6463867039e-07	3.26746057931	1.53532525776e-06	3.28762611713	9.68729431035e-06	90.0	0.0	90.0	0.0
1	0.07	3.27	6750.0	0.0696511379177	1.51857587422e-08	0.0703132922095	1.88003894109e-07	3.26747506109	2.05833893214e-06	3.28751625122	1.12468758615e-05	90.0	0.0	90.0	0.0
1	0.07	3.27	7000.0	0.0696469662189	1.71187682786e-08	0.0703131711774	2.30031599043e-07	3.2675094603	1.79900057573e-06	3.28749263802	1.33042437188e-05	90.0	0.0	90.0	0.0
1	0.07	3.27	7250.0	0.0696417908159	1.38610149089e-08	0.0703144528482	1.5227301141e-07	3.26754439785	2.06372749292e-06	3.28755876432	8.79551102328e-06	90.0	0.0	90.0	0.0
1	0.07	3.27	7500.0	0.0696366656949	8.841403827e-09	0.0703174983482	1.17867924183e-07	3.26762180494	1.26187987229e-06	3.28775074936	6.90840702546e-06	90.0	0.0	90.0	0.0
1	0.07	3.27	7750.0	0.0696327889304	1.24293181805e-08	0.0703202607327	1.2993583126e-07	3.26771574906	1.7797770099e-06	3.28793384178	8.38849174564e-06	90.0	0.0	90.0	0.0
1	0.07	3.27	8000.0	0.0696356196642	9.23230282537e-09	0.0703182075246	1.31888860639e-07	3.26782091523	1.45344745254e-06	3.28786167937	7.62628136752e-06	90.0	0.0	90.0	0.0
1	0.07	3.27	8500.0	0.0696724062132	5.32663499708e-09	0.0702991609812	2.21018961913e-07	3.26840238342	1.07659818341e-06	3.28706683175	1.28500578043e-05	90.0	0.0	90.0	0.0
1	0.07	3.27	8750.0	0.0696906055661	4.88967600842e-09	0.0702752178312	2.82257474561e-08	3.26835540203	9.94545908981e-07	3.28567547939	1.40380539817e-06	90.0	0.0	90.0	0.0
2	0.13	3.27	3500.0	0.129146434503	1.08027320924e-08	0.130996462287	7.42496689108e-08	3.25819931577	8.76221764616e-07	3.29777228117	2.11332928902e-06	90.0	0.0	90.0	0.0
2	0.13	3.27	3750.0	0.12918754249	1.13978420074e-08	0.130919386122	4.0485601144e-08	3.25851850452	9.59312288407e-07	3.29555870373	1.54164635742e-06	90.0	0.0	90.0	0.0
2	0.13	3.27	4000.0	0.129405370987	1.43431521167e-08	0.130615553826	4.36746351289e-08	3.26039202838	9.19056468225e-07	3.28685891812	1.02027011077e-06	90.0	0.0	90.0	0.0
2	0.13	3.27	4250.0	0.129701758579	1.98069134694e-09	0.130248082231	1.56310100335e-08	3.26448764514	1.99061426617e-07	3.27674122923	5.94055702577e-07	90.0	0.0	90.0	0.0
2	0.13	3.27	4500.0	0.129756344482	5.69911046022e-10	0.130231271713	7.51036282778e-09	3.26580348291	9.92456913688e-08	3.27646501448	2.18495037994e-07	90.0	0.0	90.0	0.0
2	0.13	3.27	4750.0	0.129679749133	1.55509793869e-09	0.130381720858	1.81634566982e-08	3.26510692062	1.91498234226e-07	3.28073157873	3.75479880719e-07	90.0	0.0	90.0	0.0
2	0.13	3.27	5000.0	0.129586711513	6.80080685607e-09	0.130530025163	1.05809323849e-07	3.26414326105	5.41745498662e-07	3.28493203246	3.11674942159e-06	90.0	0.0	90.0	0.0
2	0.13	3.27	5250.0	0.129497588491	1.13156532683e-08	0.130651792796	1.04091190101e-07	3.26324334311	7.58828591469e-07	3.28838453451	3.41760805501e-06	90.0	0.0	90.0	0.0
2	0.13	3.27	5500.0	0.129424908516	6.73181489093e-09	0.130736529893	4.0234303781e-08	3.26255731061	3.69018950625e-07	3.29078244346	9.63589364586e-07	90.0	0.0	90.0	0.0
2	0.13	3.27	5750.0	0.129367586596	1.06276107343e-08	0.130789145559	1.51547410068e-07	3.26201642009	8.35747785995e-07	3.29224757237	4.86239868589e-06	90.0	0.0	90.0	0.0
2	0.13	3.27	6000.0	0.129320170328	1.80639536745e-08	0.130814521687	7.94265932612e-08	3.26149294996	1.4490055719e-06	3.29290564845	2.38159201327e-06	90.0	0.0	90.0	0.0
2	0.13	3.27	6250.0	0.129291410694	2.17860218421e-08	0.130818562364	1.10299188832e-07	3.26118286112	1.49785856934e-06	3.29296573198	3.12647142671e-06	90.0	0.0	90.0	0.0
2	0.13	3.27	6500.0	0.129277738647	3.48679008569e-08	0.130803923666	1.45509066438e-07	3.26100625839	2.38985486677e-06	3.29250119838	4.38183920873e-06	90.0	0.0	90.0	0.0
2	0.13	3.27	6750.0	0.129266837135	3.45507002791e-08	0.130795524584	1.76232160735e-07	3.26089329489	2.41044412669e-06	3.29223090075	5.49824380698e-06	90.0	0.0	90.0	0.0
2	0.13	3.27	7000.0	0.129257180765	2.75362623531e-08	0.130792170387	9.5822123713e-08	3.26082396741	1.84362075377e-06	3.29212141026	3.15999086513e-06	90.0	0.0	90.0	0.0
2	0.13	3.27	7250.0	0.129245626071	4.12045459947e-08	0.130793544214	1.39035071251e-07	3.26074511739	2.72717465876e-06	3.29215312861	4.40951848853e-06	90.0	0.0	90.0	0.0
2	0.13	3.27	7500.0	0.129234471916	2.07835381126e-08	0.130801370135	1.21834728198e-07	3.26071762012	1.35748152047e-06	3.29238569255	3.89751189345e-06	90.0	0.0	90.0	0.0
2	0.13	3.27	7750.0	0.129226098567	4.79832531019e-08	0.130809732142	1.49572196829e-07	3.26073430234	3.16596551384e-06	3.29263934035	4.52390866363e-06	90.0	0.0	90.0	0.0
2	0.13	3.27	8000.0	0.129232250747	2.70284798766e-08	0.130807381323	1.87730825542e-07	3.26090216177	1.77950975079e-06	3.29260363314	5.35035482135e-06	90.0	0.0	90.0	0.0
2	0.13	3.27	8500.0	0.129312810732	1.17221751046e-08	0.130783237533	5.97284936733e-08	3.26227156664	9.12166567755e-07	3.2921291946	1.54952566204e-06	90.0	0.0	90.0	0.0
2	0.13	3.27	8750.0	0.129350709328	8.48504714657e-09	0.130718644021	6.62408084573e-08	3.26258326845	5.2295180128e-07	3.29028819961	1.81313155366e-06	90.0	0.0	90.0	0.0
3	0.01	3.92	3500.0	0.00994709331673	9.05257986312e-09	0.0100098421004	1.38381608235e-07	3.92307135758	4.84636733893e-06	3.92956647305	4.91628138067e-05	90.0	0.0	90.0	0.0
3	0.01	3.92	3750.0	0.00994989532774	8.86794930222e-09	0.0100094022268	3.38835755059e-07	3.92283207402	3.8125443181e-06	3.92886585004	0.000146564805275	90.0	0.0	90.0	0.0
3	0.01	3.92	4000.0	0.00996422016797	4.14842351697e-09	0.0100088096593	5.2808479822e-08	3.92154860679	7.69608983988e-07	3.92650961354	2.30031444455e-05	90.0	0.0	90.0	0.0
3	0.01	3.92	4250.0	0.0099824842348	3.10077226742e-09	0.0100053531738	1.95545196948e-08	3.92028146321	3.99734921982e-06	3.92310767896	2.10096576097e-06	90.0	0.0	90.0	0.0
3	0.01	3.92	4500.0	0.00998536872914	1.80522383155e-09	0.0100036794914	1.9748589009e-08	3.92024463153	2.56318414068e-06	3.92250392841	3.8636738955e-06	90.0	0.0	90.0	0.0
3	0.01	3.92	4750.0	0.00998028562364	5.21319515037e-09	0.0100038960355	2.44704700795e-08	3.92067851823	5.95536975945e-06	3.92346925283	1.34030778066e-06	90.0	0.0	90.0	0.0
3	0.01	3.92	5000.0	0.00997423281235	1.30872534238e-08	0.0100043172572	6.03067019601e-08	3.92116253855	1.55323624941e-05	3.92453974197	9.94528744846e-06	90.0	0.0	90.0	0.0
3	0.01	3.92	5250.0	0.00996847605714	3.81210807694e-09	0.0100047929776	9.22939240456e-08	3.92165489719	2.14922646104e-06	3.92555705628	4.57824657795e-05	90.0	0.0	90.0	0.0
3	0.01	3.92	5500.0	0.00996379774989	4.80300302617e-09	0.0100050982947	5.23807831336e-08	3.92208280454	1.0051664081e-06	3.92629782967	2.38656064952e-05	90.0	0.0	90.0	0.0
3	0.01	3.92	5750.0	0.00996016764071	8.01153720584e-09	0.010005366982	4.9684215111e-08	3.92243463761	2.22505217971e-06	3.92682224654	1.96695033734e-05	90.0	0.0	90.0	0.0
3	0.01	3.92	6000.0	0.00995729679379	8.92294024968e-09	0.0100057449197	4.8601293675e-08	3.92271511675	2.4072950249e-06	3.92719330865	1.92685351144e-05	90.0	0.0	90.0	0.0
3	0.01	3.92	6250.0	0.00995561299737	6.84188748137e-09	0.010005991536	5.43992293292e-08	3.92289836897	5.04517620272e-07	3.92736881021	2.38884526836e-05	90.0	0.0	90.0	0.0
3	0.01	3.92	6500.0	0.0099549028788	1.15651419881e-08	0.0100061608728	6.96041419442e-08	3.92298296772	2.48730014973e-06	3.92737737668	2.14154968396e-05	90.0	0.0	90.0	0.0
3	0.01	3.92	6750.0	0.00995431436746	8.83917627266e-09	0.0100062603194	7.03299822879e-08	3.92305708121	1.05521224023e-06	3.9273916417	2.43288706176e-05	90.0	0.0	90.0	0.0
3	0.01	3.92	7000.0	0.00995374742291	1.00202707509e-08	0.0100063186766	4.10989349324e-08	3.92312384567	9.94196173896e-07	3.92742627881	2.58765055003e-05	90.0	0.0	90.0	0.0
3	0.01	3.92	7250.0	0.00995303828271	9.29052951237e-09	0.0100063289948	5.09004922077e-08	3.92319809661	1.29841625052e-06	3.92747355004	1.97625706919e-05	90.0	0.0	90.0	0.0
3	0.01	3.92	7500.0	0.00995228428927	1.77628834015e-08	0.010006301029	2.76016529984e-08	3.92327721409	4.99060049522e-06	3.92755693487	1.08628444199e-05	90.0	0.0	90.0	0.0
3	0.01	3.92	7750.0	0.00995169072672	1.32538645466e-08	0.0100061957446	4.44376170154e-08	3.92334957684	1.69432098043e-06	3.92761267631	1.66883828477e-05	90.0	0.0	90.0	0.0
3	0.01	3.92	8000.0	0.00995198505169	1.52356024309e-08	0.0100059772609	3.9876682466e-08	3.92334010723	2.88092614669e-06	3.92754582491	1.3121500129e-05	90.0	0.0	90.0	0.0
3	0.01	3.92	8500.0	0.00995644036774	1.28221390679e-08	0.010004436543	6.77865639346e-08	3.92303579052	2.6995271214e-06	3.92687035683	2.91475066982e-05	90.0	0.0	90.0	0.0
3	0.01	3.92	8750.0	0.00995899699503	1.25623080962e-08	0.0100042795993	5.97554840668e-08	3.92281686979	2.75143689818e-06	3.92638137487	2.98514666425e-05	90.0	0.0	90.0	0.0
4	0.07	3.92	3500.0	0.0695876569116	7.03933573858e-09	0.0703931118758	1.23915824421e-07	3.91464024947	1.68173949542e-06	3.94612781289	7.05573373378e-06	90.0	0.0	90.0	0.0
4	0.07	3.92	3750.0	0.0696077364458	6.36448652187e-09	0.070365268265	6.70470282385e-08	3.91457978378	1.45627390543e-06	3.94416773695	4.33696444525e-06	90.0	0.0	90.0	0.0
4	0.07	3.92	4000.0	0.0697122349685	3.53870536873e-09	0.0702534138401	4.96964878112e-08	3.91437551549	9.26958839467e-07	3.93631918952	3.08988149368e-06	90.0	0.0	90.0	0.0
4	0.07	3.92	4250.0	0.0698537552452	4.15304997599e-09	0.0701048266755	6.13588493041e-09	3.91597800617	3.69347430367e-07	3.92661783961	3.49622042786e-07	90.0	0.0	90.0	0.0
4	0.07	3.92	4500.0	0.0698794936801	3.42648703098e-09	0.0700884189741	1.23244349868e-08	3.91698760609	3.94672267697e-07	3.92585337481	9.52084849835e-07	90.0	0.0	90.0	0.0
4	0.07	3.92	4750.0	0.0698426070927	2.77789638878e-09	0.0701420829037	5.24193097995e-08	3.91704205039	3.04710505972e-07	3.92955950718	2.81794971863e-06	90.0	0.0	90.0	0.0
4	0.07	3.92	5000.0	0.069797853441	5.73753095801e-09	0.0701968282068	6.30724640787e-08	3.91693376707	7.01426321124e-07	3.9333209027	4.25459556544e-06	90.0	0.0	90.0	0.0
4	0.07	3.92	5250.0	0.0697552069908	8.19634701796e-09	0.0702429679873	5.2458294881e-08	3.91686649202	9.21513587242e-07	3.93649641998	3.47448336366e-06	90.0	0.0	90.0	0.0
4	0.07	3.92	5500.0	0.0697207894207	1.29863708736e-08	0.0702764126447	3.93148657069e-08	3.91689796858	1.49918705951e-06	3.93879148035	1.66647661899e-06	90.0	0.0	90.0	0.0
4	0.07	3.92	5750.0	0.0696940118128	9.51629979058e-09	0.0702989257743	5.3967001157e-08	3.9169472139	1.36111744484e-06	3.94030051951	3.66026885018e-06	90.0	0.0	90.0	0.0
4	0.07	3.92	6000.0	0.0696722627318	1.14871193172e-08	0.0703127095968	1.0346834678e-07	3.91691408267	1.60053897799e-06	3.94115063716	6.96579051147e-06	90.0	0.0	90.0	0.0
4	0.07	3.92	6250.0	0.0696594223562	1.83355696316e-08	0.0703177779922	1.11757094096e-07	3.91692393956	2.004269303e-06	3.94141473281	7.34291831822e-06	90.0	0.0	90.0	0.0
4	0.07	3.92	6500.0	0.0696536852487	9.35118440315e-09	0.070315235499	9.66607461552e-08	3.916907699	1.17363359966e-06	3.94116281121	6.55386988081e-06	90.0	0.0	90.0	0.0
4	0.07	3.92	6750.0	0.0696490779117	2.16591715685e-08	0.070314047733	9.2237459584e-08	3.91692581782	2.45565483559e-06	3.94103200877	6.51295191619e-06	90.0	0.0	90.0	0.0
4	0.07	3.92	7000.0	0.0696448670747	1.10876417738e-08	0.0703139111975	6.46970565114e-08	3.91696795015	9.36794261066e-07	3.94100300959	4.70230394291e-06	90.0	0.0	90.0	0.0
4	0.07	3.92	7250.0	0.0696396466817	1.91784802763e-08	0.0703151691102	9.42696923213e-08	3.91700960921	2.04165874056e-06	3.94108079968	6.46911346109e-06	90.0	0.0	90.0	0.0
4	0.07	3.92	7500.0	0.0696344781868	1.50640185272e-09	0.0703181408476	6.19102299884e-08	3.91710337736	5.02047560273e-07	3.94130572512	4.19446333895e-06	90.0	0.0	90.0	0.0
4	0.07	3.92	7750.0	0.069630553007	3.23322908775e-08	0.0703209918138	1.17499518496e-07	3.91721453006	3.49974310103e-06	3.94153109247	7.91828554141e-06	90.0	0.0	90.0	0.0
4	0.07	3.92	8000.0	0.0696333966866	3.16065650966e-08	0.0703188692781	1.62245079715e-07	3.91734254631	4.13022617669e-06	3.94143949899	1.09580975556e-05	90.0	0.0	90.0	0.0
4	0.07	3.92	8500.0	0.0696703636333	1.56854963123e-08	0.070299960421	6.36384408157e-08	3.91803915625	2.24685023476e-06	3.94049406798	4.47974715734e-06	90.0	0.0	90.0	0.0
4	0.07	3.92	8750.0	0.0696886849104	1.09235396743e-08	0.0702759782638	7.99770890469e-08	3.91798563016	1.57044481794e-06	3.93882603295	4.0016994114e-06	90.0	0.0	90.0	0.0
5	0.13	3.92	3500.0	0.129142924805	1.53420025936e-08	0.130998415363	7.50477162194e-08	3.90576115852	1.64451768425e-06	3.95335254085	2.54860871191e-06	90.0	0.0	90.0	0.0
5	0.13	3.92	3750.0	0.129184260583	1.32459337091e-08	0.13092115549	3.90421986035e-08	3.90614925622	1.3898555433e-06	3.95069330577	1.0387283065e-06	90.0	0.0	90.0	0.0
5	0.13	3.92	4000.0	0.129403291025	2.499479848e-08	0.130616630079	3.96403286299e-08	3.90842279931	1.79990305901e-06	3.94024295424	1.12530456817e-06	90.0	0.0	90.0	0.0
5	0.13	3.92	4250.0	0.129700905165	2.93024905687e-09	0.130248520931	6.79609562719e-09	3.91336460858	4.10308202612e-07	3.92809453287	2.54594000469e-07	90.0	0.0	90.0	0.0
5	0.13	3.92	4500.0	0.129755581619	3.24464449308e-10	0.130231856976	1.27512571464e-08	3.9149454857	1.99147554768e-07	3.9277676321	4.11706065139e-07	90.0	0.0	90.0	0.0
5	0.13	3.92	4750.0	0.129678570927	2.77206981902e-09	0.130382711768	2.08272893999e-08	3.91409908842	4.42413191922e-07	3.93289461431	7.03046400508e-07	90.0	0.0	90.0	0.0
5	0.13	3.92	5000.0	0.129585064321	8.62406131867e-09	0.130531301058	8.06836329728e-08	3.9129317965	8.81638573672e-07	3.9379382927	3.00068651565e-06	90.0	0.0	90.0	0.0
5	0.13	3.92	5250.0	0.129495485361	4.94072326458e-09	0.130653390181	3.16603557687e-08	3.91184210142	4.41527008158e-07	3.94208721374	9.1235032247e-07	90.0	0.0	90.0	0.0
5	0.13	3.92	5500.0	0.12942242817	7.51223615933e-09	0.130738242402	5.44168553694e-08	3.91101241447	6.55576531113e-07	3.94496513094	2.02966339681e-06	90.0	0.0	90.0	0.0
5	0.13	3.92	5750.0	0.129364797764	1.03595146192e-08	0.130790836627	2.85066545189e-08	3.91035828176	8.64491457201e-07	3.94672092317	8.23165697881e-07	90.0	0.0	90.0	0.0
5	0.13	3.92	6000.0	0.129317147768	1.72550395285e-08	0.130816090508	1.46701146267e-07	3.90972762517	1.40689785723e-06	3.94750590235	5.34780529232e-06	90.0	0.0	90.0	0.0
5	0.13	3.92	6250.0	0.129288271162	4.22005952805e-08	0.130820202138	7.64736115621e-08	3.9093572611	3.5209883506e-06	3.94758073468	2.65367017648e-06	90.0	0.0	90.0	0.0
5	0.13	3.92	6500.0	0.129274508736	4.14115668264e-08	0.130805316926	1.06851443495e-07	3.90914390169	3.28322368399e-06	3.94701537837	4.88818190001e-06	90.0	0.0	90.0	0.0
5	0.13	3.92	6750.0	0.129263576026	4.08854655013e-08	0.130796910012	4.86126553049e-08	3.90901082895	3.02376913263e-06	3.94669143938	2.01002496697e-06	90.0	0.0	90.0	0.0
5	0.13	3.92	7000.0	0.129253867712	6.43514344932e-08	0.130793635152	4.69357669478e-08	3.90892821269	4.70583102411e-06	3.94656351395	1.56062867119e-06	90.0	0.0	90.0	0.0
5	0.13	3.92	7250.0	0.129242231862	4.15444830006e-08	0.130794906848	3.28563578906e-08	3.90883259214	2.92722781765e-06	3.9465985412	1.13065632599e-06	90.0	0.0	90.0	0.0
5	0.13	3.92	7500.0	0.12923098636	4.1574036242e-08	0.130802831595	2.49400491678e-08	3.90879834552	3.06610871838e-06	3.94688025315	6.32746958249e-07	90.0	0.0	90.0	0.0
5	0.13	3.92	7750.0	0.129222554019	5.12305409331e-08	0.130811037474	1.10853870602e-07	3.908818201	3.48402158905e-06	3.94717874206	3.98493232067e-06	90.0	0.0	90.0	0.0
5	0.13	3.92	8000.0	0.129228705144	3.94919252496e-08	0.130808776604	6.63916163387e-08	3.90901984223	2.87713267613e-06	3.94713870167	2.68430377307e-06	90.0	0.0	90.0	0.0
5	0.13	3.92	8500.0	0.129309530088	2.10396329557e-08	0.13078486731	3.69797138907e-08	3.9106644547	1.73505786478e-06	3.94657754792	1.1557192689e-06	90.0	0.0	90.0	0.0
5	0.13	3.92	8750.0	0.129347637442	1.56115546105e-08	0.130720100661	7.23541752214e-08	3.91104312008	1.30943442068e-06	3.94436523697	2.52263809879e-06	90.0	0.0	90.0	0.0
6	0.01	4.87	3500.0	0.00994683668386	8.45056013479e-09	0.0100097420726	3.46140831627e-07	4.87380750357	5.87019230381e-06	4.88177842249	0.000186221352469	90.0	0.0	90.0	0.0
6	0.01	4.87	3750.0	0.00994965221428	8.04693248961e-09	0.0100095505715	6.89823130638e-08	4.87350964518	5.15437446401e-06	4.88106318016	3.00014839422e-05	90.0	0.0	90.0	0.0
6	0.01	4.87	4000.0	0.009964039816	1.42720967051e-08	0.0100088845061	3.45974955451e-08	4.87188580429	1.86457324275e-05	4.87811149014	2.02187581015e-05	90.0	0.0	90.0	0.0
6	0.01	4.87	4250.0	0.00998240971927	1.60245268568e-09	0.0100053794572	1.78641927639e-08	4.87034370289	1.90974142326e-06	4.87387230817	1.93007948194e-06	90.0	0.0	90.0	0.0
6	0.01	4.87	4500.0	0.00998530611248	1.10932272022e-09	0.0100037041581	1.53195101052e-08	4.87029842172	1.69141377133e-06	4.87311948968	3.31575172658e-06	90.0	0.0	90.0	0.0
6	0.01	4.87	4750.0	0.00998019745678	2.35323956401e-09	0.0100039377441	2.80387240808e-08	4.87083729895	3.55243243393e-06	4.87432485499	2.08807949359e-06	90.0	0.0	90.0	0.0
6	0.01	4.87	5000.0	0.00997411085528	7.13935709291e-09	0.0100043910297	3.36644480406e-08	4.87142888881	9.79648149855e-06	4.87566696195	6.57774012598e-06	90.0	0.0	90.0	0.0
6	0.01	4.87	5250.0	0.00996831091257	2.27708232377e-08	0.0100047606436	1.73163132557e-07	4.87201837941	4.31372327038e-05	4.87684305477	0.000118852549958	90.0	0.0	90.0	0.0
6	0.01	4.87	5500.0	0.00996361655697	1.17814391113e-08	0.0100051807494	5.15289606255e-08	4.87257295971	1.19274050148e-05	4.8778434688	3.12257605765e-05	90.0	0.0	90.0	0.0
6	0.01	4.87	5750.0	0.00995997030659	8.19816438495e-09	0.0100054590187	4.69771983393e-08	4.87301735428	4.30950979273e-06	4.87849730716	2.63338453527e-05	90.0	0.0	90.0	0.0
6	0.01	4.87	6000.0	0.00995708161151	1.01139333783e-08	0.0100058520894	5.78343704574e-08	4.87336682101	5.34115556148e-06	4.87896616364	2.84270849432e-05	90.0	0.0	90.0	0.0
6	0.01	4.87	6250.0	0.00995538230577	1.15459222747e-08	0.0100060974602	5.93050596743e-08	4.87359374267	6.0920525478e-06	4.87918282703	3.02384779899e-05	90.0	0.0	90.0	0.0
6	0.01	4.87	6500.0	0.00995467200449	8.68727247332e-09	0.0100062466554	8.0088730785e-08	4.8737032657	3.63972208646e-06	4.87918562911	3.83497351321e-05	90.0	0.0	90.0	0.0
6	0.01	4.87	6750.0	0.00995407420508	1.1615390597e-08	0.0100063653062	7.20302142886e-08	4.87379366127	5.47572031223e-06	4.8792106767	3.50294994198e-05	90.0	0.0	90.0	0.0
6	0.01	4.87	7000.0	0.0099534934975	2.45969908205e-08	0.0100064304292	3.23472640326e-08	4.87386748804	1.94263392929e-05	4.87925806492	1.50206612232e-05	90.0	0.0	90.0	0.0
6	0.01	4.87	7250.0	0.00995278938546	1.23683059395e-08	0.0100064263524	7.36660104983e-08	4.87397045634	5.20129894949e-06	4.87931079346	3.55539552247e-05	90.0	0.0	90.0	0.0
6	0.01	4.87	7500.0	0.00995203215571	1.60322175404e-08	0.0100063884605	5.96366263563e-08	4.87407025506	8.34792549199e-06	4.87941092656	2.67355821849e-05	90.0	0.0	90.0	0.0
6	0.01	4.87	7750.0	0.00995142944299	1.85288347021e-08	0.0100063069496	5.11621558543e-08	4.87415683177	9.81006861284e-06	4.87948898516	2.41778336982e-05	90.0	0.0	90.0	0.0
6	0.01	4.87	8000.0	0.00995173116326	1.08510127238e-08	0.0100060669867	6.1331486417e-08	4.87414942904	4.86642332632e-06	4.87939461105	2.84685291703e-05	90.0	0.0	90.0	0.0
6	0.01	4.87	8500.0	0.00995620612853	1.68790228252e-08	0.0100045489791	5.09607502439e-08	4.87376454281	1.25597699043e-05	4.87856884982	2.76636795326e-05	90.0	0.0	90.0	0.0
6	0.01	4.87	8750.0	0.00995877742846	1.38910840119e-08	0.0100043505323	7.16123894206e-08	4.8734949643	8.89582920314e-06	4.87794135949	4.36656419181e-05	90.0	0.0	90.0	0.0
7	0.07	4.87	3500.0	0.0695859184368	8.18816532757e-09	0.0703938497191	2.7148329773e-07	4.8632780372	2.27923854567e-06	4.90249952942	2.20278303917e-05	90.0	0.0	90.0	0.0
7	0.07	4.87	3750.0	0.0696061069413	5.36911769937e-09	0.0703659498077	2.93520448877e-08	4.86320690004	1.55932370194e-06	4.90006305458	2.10443861777e-06	90.0	0.0	90.0	0.0
7	0.07	4.87	4000.0	0.0697111751544	3.46106589049e-09	0.070253813404	2.55910176457e-08	4.86296939166	1.13613909356e-06	4.89029684257	1.67987204212e-06	90.0	0.0	90.0	0.0
7	0.07	4.87	4250.0	0.0698533174361	6.58552367918e-09	0.0701049893161	1.07648453978e-08	4.86498290085	6.22471189665e-07	4.87823116418	8.37341172257e-07	90.0	0.0	90.0	0.0
7	0.07	4.87	4500.0	0.0698791138186	3.60896674192e-09	0.0700886267587	2.3416428664e-08	4.86624004389	4.79406674248e-07	4.87728386718	2.17089426416e-06	90.0	0.0	90.0	0.0
7	0.07	4.87	4750.0	0.0698420304684	4.2419419533e-09	0.0701424564845	6.23846893516e-08	4.86630008009	5.26122696985e-07	4.88189794841	4.64247294141e-06	90.0	0.0	90.0	0.0
7	0.07	4.87	5000.0	0.0697970514885	4.7284946008e-09	0.0701972909859	1.13479200505e-07	4.86615766572	6.08783724992e-07	4.88657501819	9.76431120123e-06	90.0	0.0	90.0	0.0
7	0.07	4.87	5250.0	0.0697541888382	1.08750360077e-08	0.0702435375387	4.0542742283e-08	4.86606771249	1.42883713326e-06	4.89052591074	3.44341364772e-06	90.0	0.0	90.0	0.0
7	0.07	4.87	5500.0	0.0697195725094	9.47292708708e-09	0.0702770443016	9.11514342543e-08	4.86610075118	1.28302858035e-06	4.89338125736	6.56885988851e-06	90.0	0.0	90.0	0.0
7	0.07	4.87	5750.0	0.0696926547323	1.31799765049e-08	0.0702995877376	3.25740787084e-08	4.86616037129	1.68933714816e-06	4.89525686344	2.74688090448e-06	90.0	0.0	90.0	0.0
7	0.07	4.87	6000.0	0.0696707869992	1.44377124816e-09	0.0703132932339	7.82813707531e-08	4.86611828061	8.2086048645e-07	4.8963064003	8.59634236329e-06	90.0	0.0	90.0	0.0
7	0.07	4.87	6250.0	0.0696578608697	1.335710946e-08	0.0703184120091	1.64202152204e-07	4.86612939742	1.69047158547e-06	4.89664033845	1.45466097773e-05	90.0	0.0	90.0	0.0
7	0.07	4.87	6500.0	0.0696520895287	2.35545888827e-08	0.0703158040949	1.91753441867e-07	4.86611045455	3.25508229094e-06	4.89632236582	1.66655560382e-05	90.0	0.0	90.0	0.0
7	0.07	4.87	6750.0	0.0696474445809	1.7701050292e-08	0.0703145864869	1.22250597763e-07	4.86613302034	2.08092787054e-06	4.89615755985	1.13624604297e-05	90.0	0.0	90.0	0.0
7	0.07	4.87	7000.0	0.069643201748	2.11304285512e-08	0.0703144301547	1.4211829731e-07	4.86618569196	2.73566211913e-06	4.89611884944	1.33623328568e-05	90.0	0.0	90.0	0.0
7	0.07	4.87	7250.0	0.0696379446687	1.49196844293e-08	0.0703156870283	1.54114751627e-07	4.86623753056	1.91167241346e-06	4.89621518368	1.58727743336e-05	90.0	0.0	90.0	0.0
7	0.07	4.87	7500.0	0.0696327235259	1.98047583398e-08	0.0703187834434	1.79613541643e-07	4.86635219889	2.84679657533e-06	4.89650688951	1.73654928558e-05	90.0	0.0	90.0	0.0
7	0.07	4.87	7750.0	0.0696287751317	1.09680933947e-08	0.0703215747361	1.99046809166e-07	4.86649256242	1.71288283505e-06	4.896781865	1.80779270608e-05	90.0	0.0	90.0	0.0
7	0.07	4.87	8000.0	0.0696316266924	3.17130422928e-08	0.0703194753302	1.36582447012e-07	4.86665094576	4.49797735804e-06	4.89666919917	1.19896657516e-05	90.0	0.0	90.0	0.0
7	0.07	4.87	8500.0	0.0696687470382	7.90170954268e-09	0.0703005834175	6.54827336756e-08	4.8675185034	1.34317022338e-06	4.89549394322	4.103400026e-06	90.0	0.0	90.0	0.0
7	0.07	4.87	8750.0	0.0696871808685	1.96629969659e-08	0.0702765954502	5.87668724719e-08	4.86745746337	3.28352243799e-06	4.89342311006	3.87684041434e-06	90.0	0.0	90.0	0.0
8	0.13	4.87	3500.0	0.129140163497	7.97641351482e-09	0.13099985379	4.05193690111e-08	4.85222138161	9.61468039551e-07	4.9114893768	1.40532993024e-06	90.0	0.0	90.0	0.0
8	0.13	4.87	3750.0	0.129181684319	4.84802256933e-09	0.130922517646	2.05815977607e-07	4.85270938064	5.56699062888e-07	4.90818367835	9.26185389474e-06	90.0	0.0	90.0	0.0
8	0.13	4.87	4000.0	0.129401620724	8.5101912032e-09	0.130617411314	1.51707921711e-08	4.85555649819	1.04728812379e-06	4.89517810083	6.56171130928e-07	90.0	0.0	90.0	0.0
8	0.13	4.87	4250.0	0.129700235739	1.10829247839e-09	0.130248858359	3.24566745951e-08	4.86173035458	1.99923616067e-07	4.88006892028	1.61196673767e-06	90.0	0.0	90.0	0.0
8	0.13	4.87	4500.0	0.129754980719	5.49642062757e-09	0.130232298638	3.84785193766e-08	4.86369749177	4.95703678423e-07	4.8796662535	2.04216827423e-06	90.0	0.0	90.0	0.0
8	0.13	4.87	4750.0	0.129677644157	1.47045054453e-09	0.130383479507	7.98673963571e-08	4.86263509653	2.71947178474e-07	4.88604849374	3.34905404223e-06	90.0	0.0	90.0	0.0
8	0.13	4.87	5000.0	0.129583765584	4.19941415015e-09	0.130532385201	8.44101266207e-08	4.86117296019	5.26390854167e-07	4.89232647704	3.93591115893e-06	90.0	0.0	90.0	0.0
8	0.13	4.87	5250.0	0.12949381913	7.87535862663e-09	0.130654638097	1.82499363228e-07	4.85980791736	8.36516391498e-07	4.89748680201	8.01478962019e-06	90.0	0.0	90.0	0.0
8	0.13	4.87	5500.0	0.129420479745	1.86963117942e-08	0.130739521658	4.89877197877e-08	4.85877142566	1.53775445243e-06	4.90106286193	1.68202777483e-06	90.0	0.0	90.0	0.0
8	0.13	4.87	5750.0	0.129362611534	5.6581860419e-09	0.130792268267	1.81646710634e-07	4.85795383604	8.44971212017e-07	4.90325107465	8.40509645683e-06	90.0	0.0	90.0	0.0
8	0.13	4.87	6000.0	0.12931477646	9.07115894693e-09	0.130817467163	1.25022339531e-07	4.85716717262	1.20984896975e-06	4.90422384661	5.73283713016e-06	90.0	0.0	90.0	0.0
8	0.13	4.87	6250.0	0.129285754051	1.42759011434e-08	0.130821407301	1.21329277139e-07	4.85670276728	1.65211006841e-06	4.90430950687	5.71033591523e-06	90.0	0.0	90.0	0.0
8	0.13	4.87	6500.0	0.129271960012	1.94761294683e-08	0.130806625863	1.28663573631e-07	4.85644036734	2.33106615462e-06	4.9036129442	6.0731733596e-06	90.0	0.0	90.0	0.0
8	0.13	4.87	6750.0	0.129260948177	2.1088193739e-08	0.130798124652	1.71080794415e-07	4.85627218097	2.42167113883e-06	4.90320677069	8.18635406138e-06	90.0	0.0	90.0	0.0
8	0.13	4.87	7000.0	0.129251183068	9.8268609956e-09	0.130794668167	1.41370848718e-07	4.85616856608	1.05981331965e-06	4.90303993819	6.32190940867e-06	90.0	0.0	90.0	0.0
8	0.13	4.87	7250.0	0.129239502307	2.5013360116e-08	0.130796072571	1.82983314676e-07	4.856050655	2.80302070112e-06	4.90308939162	8.90579334521e-06	90.0	0.0	90.0	0.0
8	0.13	4.87	7500.0	0.129228219181	2.30679488317e-08	0.130804005952	1.96053394879e-07	4.85600921498	2.14907041866e-06	4.90343954253	9.57465560364e-06	90.0	0.0	90.0	0.0
8	0.13	4.87	7750.0	0.129219701122	2.06239859323e-08	0.130812231315	1.92548510214e-07	4.85603085718	2.03593134857e-06	4.90381090739	9.11273235933e-06	90.0	0.0	90.0	0.0
8	0.13	4.87	8000.0	0.129225882327	2.03234476519e-08	0.130810024228	1.36864884377e-07	4.85628423455	2.29555345192e-06	4.90376391054	6.43231299002e-06	90.0	0.0	90.0	0.0
8	0.13	4.87	8500.0	0.129306952987	6.42273197347e-09	0.130786123799	2.34998392413e-07	4.85833418653	4.66099197129e-07	4.90306572692	1.03299095565e-05	90.0	0.0	90.0	0.0
8	0.13	4.87	8750.0	0.129345229843	7.37250152574e-09	0.130721178004	4.91002946526e-08	4.85880990666	9.91515847778e-07	4.90031017955	1.71223020459e-06	90.0	0.0	90.0	0.0
9	0.01	6.45	3500.0	0.00994663144786	1.53549457164e-08	0.0100098745696	6.49861386805e-08	6.45502345969	2.1514338578e-05	6.46565814554	3.23791336554e-05	90.0	0.0	90.0	0.0
9	0.01	6.45	3750.0	0.00994945879209	1.29479324342e-08	0.0100096528346	4.05646548797e-08	6.45462846936	2.09780360785e-05	6.46469538283	1.97025655695e-05	90.0	0.0	90.0	0.0
9	0.01	6.45	4000.0	0.00996391199539	7.21466301334e-09	0.0100089096409	5.70589843539e-08	6.45248932086	1.39092601627e-05	6.46074374727	4.49479503009e-05	90.0	0.0	90.0	0.0
9	0.01	6.45	4250.0	0.00998235234767	1.13847268759e-09	0.0100053964461	1.99881241015e-08	6.45044982481	2.35833799724e-06	6.45513717221	2.98546569428e-06	90.0	0.0	90.0	0.0
9	0.01	6.45	4500.0	0.00998525789481	8.90011740573e-10	0.0100037156735	2.21478174554e-08	6.45039071627	1.47303977284e-06	6.45413771621	6.45913018111e-06	90.0	0.0	90.0	0.0
9	0.01	6.45	4750.0	0.00998012845281	2.27499764367e-09	0.0100039754366	2.32650586679e-08	6.45110223742	4.10474148217e-06	6.45574312293	1.23942440938e-06	90.0	0.0	90.0	0.0
9	0.01	6.45	5000.0	0.00997401816837	3.80028227027e-09	0.0100044415856	2.95459102605e-08	6.45188578667	6.75305669769e-06	6.45752901738	4.58012619505e-06	90.0	0.0	90.0	0.0
9	0.01	6.45	5250.0	0.00996819651822	9.32338120661e-09	0.0100048471926	5.72420515282e-08	6.45266950427	1.68948068015e-05	6.45910297124	1.65500024072e-05	90.0	0.0	90.0	0.0
9	0.01	6.45	5500.0	0.00996346482912	6.95469986653e-09	0.010005232547	5.38883911874e-08	6.45335903827	1.04644996052e-05	6.46040055997	4.29908664976e-05	90.0	0.0	90.0	0.0
9	0.01	6.45	5750.0	0.00995979651126	2.65570796354e-08	0.0100055202811	6.33272707491e-08	6.45393980824	6.48331962492e-05	6.4612697995	4.57631353687e-05	90.0	0.0	90.0	0.0
9	0.01	6.45	6000.0	0.00995691211797	1.17600392487e-08	0.010005915167	7.26624738119e-08	6.45444796126	1.4447823954e-05	6.46189176494	4.98491356963e-05	90.0	0.0	90.0	0.0
9	0.01	6.45	6250.0	0.00995520086892	1.69925033285e-08	0.0100061777292	6.38663158554e-08	6.45474333925	2.48346827286e-05	6.46219132115	3.4587907525e-05	90.0	0.0	90.0	0.0
9	0.01	6.45	6500.0	0.00995448245063	1.92899264677e-08	0.0100063421135	5.97760013352e-08	6.45488466825	2.85523804501e-05	6.46220600052	3.33089141683e-05	90.0	0.0	90.0	0.0
9	0.01	6.45	6750.0	0.00995388129083	2.10712424011e-08	0.0100064517076	6.48665618252e-08	6.45500692371	2.83959452544e-05	6.46223323593	3.87913518699e-05	90.0	0.0	90.0	0.0
9	0.01	6.45	7000.0	0.00995330896397	1.70693458055e-08	0.0100064775901	6.13858113862e-08	6.45512310736	2.0974911875e-05	6.46227149821	3.9775410299e-05	90.0	0.0	90.0	0.0
9	0.01	6.45	7250.0	0.00995259101952	1.66815804936e-08	0.0100065158784	5.73612675766e-08	6.45524661548	2.12110050697e-05	6.4623650798	3.73061297849e-05	90.0	0.0	90.0	0.0
9	0.01	6.45	7500.0	0.00995182848484	2.39659188982e-08	0.010006478493	4.68035050653e-08	6.45537583116	3.11328242948e-05	6.46249726264	2.91932302348e-05	90.0	0.0	90.0	0.0
9	0.01	6.45	7750.0	0.00995122782148	1.74123239917e-08	0.0100063815882	5.61623610582e-08	6.45549948659	2.05984265711e-05	6.46259128432	3.7560218008e-05	90.0	0.0	90.0	0.0
9	0.01	6.45	8000.0	0.00995152863229	1.52202260017e-08	0.0100061470892	7.59772463509e-08	6.45548891643	1.58675633583e-05	6.46247003558	4.71574927379e-05	90.0	0.0	90.0	0.0
9	0.01	6.45	8500.0	0.00995600737337	3.36124325975e-08	0.0100046203421	4.88932896227e-08	6.45494513818	6.06609311087e-05	6.46137128976	3.49592598899e-05	90.0	0.0	90.0	0.0
9	0.01	6.45	8750.0	0.00995860770275	1.30743545789e-08	0.0100042686069	1.6425524941e-07	6.45462297511	1.73741020832e-05	6.4603892346	8.86950277284e-05	90.0	0.0	90.0	0.0
10	0.07	6.45	3500.0	0.0695845676253	3.28229679489e-09	0.070394488709	6.14323431248e-08	6.44103249776	1.40122057723e-06	6.49309522614	5.74731796038e-06	90.0	0.0	90.0	0.0
10	0.07	6.45	3750.0	0.0696048425027	3.51779733596e-09	0.0703664544513	4.81657550341e-08	6.44094292032	1.43863047873e-06	6.48985420154	5.12441267135e-06	90.0	0.0	90.0	0.0
10	0.07	6.45	4000.0	0.0697103536492	2.3685364906e-09	0.0702541181903	7.61478337561e-08	6.44064495965	1.0046705864e-06	6.47690530227	8.01248998547e-06	90.0	0.0	90.0	0.0
10	0.07	6.45	4250.0	0.0698529725358	4.54334241722e-09	0.0701051088371	4.99356286827e-09	6.44333367138	1.21668656837e-06	6.46091060253	3.66153015718e-07	90.0	0.0	90.0	0.0
10	0.07	6.45	4500.0	0.0698788178901	1.14535287261e-09	0.0700887877167	1.04705142462e-08	6.44500199279	4.51559672591e-07	6.45965915309	7.96554642068e-07	90.0	0.0	90.0	0.0
10	0.07	6.45	4750.0	0.0698415802116	1.47437596505e-09	0.0701427179666	3.75006268067e-08	6.44507348364	4.5263030569e-07	6.46577767001	3.2592588778e-06	90.0	0.0	90.0	0.0
10	0.07	6.45	5000.0	0.0697964234987	2.91802014072e-09	0.07019770471	5.10480304417e-08	6.44487623933	9.72670086231e-07	6.47198500697	4.95661540067e-06	90.0	0.0	90.0	0.0
10	0.07	6.45	5250.0	0.069753385166	2.91154816783e-09	0.0702439871643	8.29113800623e-08	6.44474932437	8.54276674193e-07	6.47721971106	8.60437522019e-06	90.0	0.0	90.0	0.0
10	0.07	6.45	5500.0	0.0697186289024	5.59478296172e-09	0.0702775270715	2.81409262426e-08	6.44478936619	1.63498189233e-06	6.48100238163	1.45063917299e-06	90.0	0.0	90.0	0.0
10	0.07	6.45	5750.0	0.0696915861486	7.19752847376e-09	0.0703000777776	1.22737329168e-07	6.4448640361	1.86428984615e-06	6.48348809592	1.33604755923e-05	90.0	0.0	90.0	0.0
10	0.07	6.45	6000.0	0.0696696223245	9.43290353368e-09	0.0703139201218	9.53916599061e-08	6.44480668019	2.58730153985e-06	6.48489320557	1.01565598793e-05	90.0	0.0	90.0	0.0
10	0.07	6.45	6250.0	0.0696566330892	9.13597266339e-09	0.0703189731879	6.72289167003e-08	6.44482062788	2.49573518315e-06	6.48532642131	6.58969810779e-06	90.0	0.0	90.0	0.0
10	0.07	6.45	6500.0	0.0696508382095	2.18624493583e-08	0.0703163594791	9.88728203679e-08	6.44479771127	5.38311827987e-06	6.48490561118	1.06751215777e-05	90.0	0.0	90.0	0.0
10	0.07	6.45	6750.0	0.0696461626279	1.76785131965e-08	0.0703151122342	1.24666692942e-07	6.44482730283	4.75270727472e-06	6.48468544989	1.36009811242e-05	90.0	0.0	90.0	0.0
10	0.07	6.45	7000.0	0.0696418982463	2.36727155972e-08	0.070314922014	1.25993785805e-07	6.44489822276	6.36749981477e-06	6.48463264745	1.35938830013e-05	90.0	0.0	90.0	0.0
10	0.07	6.45	7250.0	0.0696366099092	2.11878384848e-08	0.0703162096608	1.19983574411e-07	6.44496577633	5.04290801877e-06	6.48476402447	1.25271754515e-05	90.0	0.0	90.0	0.0
10	0.07	6.45	7500.0	0.0696313654936	1.36368015978e-08	0.0703192444834	7.58964679189e-08	6.44511854132	3.67279909996e-06	6.48513996725	8.23945697967e-06	90.0	0.0	90.0	0.0
10	0.07	6.45	7750.0	0.069627385051	1.79096578837e-08	0.0703220427365	9.16705865909e-08	6.44530257474	4.47156619581e-06	6.48550591683	9.02877570289e-06	90.0	0.0	90.0	0.0
10	0.07	6.45	8000.0	0.0696302325659	1.83286774307e-08	0.0703199977258	1.10430727454e-07	6.44551271777	5.13329138725e-06	6.48536223653	1.11684571253e-05	90.0	0.0	90.0	0.0
10	0.07	6.45	8500.0	0.0696675021029	9.658526658e-09	0.0703010464851	7.68547709153e-08	6.44666996533	3.22586231913e-06	6.48379997473	8.58655334224e-06	90.0	0.0	90.0	0.0
10	0.07	6.45	8750.0	0.0696860018213	6.32967195278e-09	0.0702769805415	3.80426633837e-08	6.44658956872	1.9969671412e-06	6.48104867677	2.26768826902e-06	90.0	0.0	90.0	0.0
11	0.13	6.45	3500.0	0.129137999766	1.10970963289e-08	0.131001036742	8.17298327648e-08	6.42635990469	1.90933611799e-06	6.50500943209	4.24377425032e-06	90.0	0.0	90.0	0.0
11	0.13	6.45	3750.0	0.129179667723	1.13516643269e-08	0.130923547275	6.53807915844e-08	6.42701294348	2.07561416928e-06	6.50062301763	3.99752825245e-06	90.0	0.0	90.0	0.0
11	0.13	6.45	4000.0	0.129400332857	1.32880960966e-08	0.130618043726	6.12608046512e-08	6.43081000889	1.79899380863e-06	6.48337869138	2.84024092948e-06	90.0	0.0	90.0	0.0
11	0.13	6.45	4250.0	0.129699712184	3.20244029681e-09	0.130249122294	7.82338630911e-09	6.43902013207	7.54609595976e-07	6.46334863485	5.01692550034e-07	90.0	0.0	90.0	0.0
11	0.13	6.45	4500.0	0.129754514352	4.43487090718e-10	0.130232666154	1.39349989133e-08	6.44162893259	1.54656643025e-07	6.46282074283	5.80221673288e-07	90.0	0.0	90.0	0.0
11	0.13	6.45	4750.0	0.129676919061	2.70784932697e-09	0.130384055184	2.2571612755e-08	6.44021052526	7.77159110299e-07	6.47128322423	1.60026343414e-06	90.0	0.0	90.0	0.0
11	0.13	6.45	5000.0	0.129582754564	1.0747350216e-08	0.13053313194	5.85057852603e-08	6.43826233906	1.90756041432e-06	6.47960670157	3.35328297703e-06	90.0	0.0	90.0	0.0
11	0.13	6.45	5250.0	0.129492541922	3.87895478857e-09	0.130655575701	5.31693567933e-08	6.43644548649	6.7295126601e-07	6.48645118513	3.52347237343e-06	90.0	0.0	90.0	0.0
11	0.13	6.45	5500.0	0.129418947407	4.47252353819e-09	0.130740559523	7.15132009507e-08	6.43506230649	6.25663446715e-07	6.49119285631	4.12048669021e-06	90.0	0.0	90.0	0.0
11	0.13	6.45	5750.0	0.129360896128	1.02738786274e-08	0.1307932741	8.44049749178e-08	6.4339746985	1.45601720057e-06	6.49408881162	4.88540010223e-06	90.0	0.0	90.0	0.0
11	0.13	6.45	6000.0	0.129312912684	1.48005821207e-08	0.130818410674	9.7642022606e-08	6.4329290299	1.99884177838e-06	6.4953737173	5.22509619843e-06	90.0	0.0	90.0	0.0
11	0.13	6.45	6250.0	0.129283807251	2.4880102558e-08	0.130822343675	1.09633849476e-07	6.4323137465	3.32433150346e-06	6.49548741357	5.92514376333e-06	90.0	0.0	90.0	0.0
11	0.13	6.45	6500.0	0.129269980354	3.93558274898e-08	0.130807456334	7.67697790098e-08	6.43196738761	5.37217091805e-06	6.49455893567	4.31209987039e-06	90.0	0.0	90.0	0.0
11	0.13	6.45	6750.0	0.129258929202	3.61628606772e-08	0.130798944833	6.39888514256e-08	6.43174456469	4.81461480129e-06	6.49402066336	3.61369040612e-06	90.0	0.0	90.0	0.0
11	0.13	6.45	7000.0	0.129249138517	3.95323273868e-08	0.130795607339	6.97044595815e-08	6.43160901994	5.309013521e-06	6.4938071745	4.09034260515e-06	90.0	0.0	90.0	0.0
11	0.13	6.45	7250.0	0.129237409828	4.56269586956e-08	0.130796875288	7.01144135271e-08	6.43145175787	5.8784317977e-06	6.49386490308	4.07408551951e-06	90.0	0.0	90.0	0.0
11	0.13	6.45	7500.0	0.129226077743	4.83508497717e-08	0.130804825088	8.98990356513e-08	6.43139689044	6.17136513482e-06	6.49433014857	5.16100455524e-06	90.0	0.0	90.0	0.0
11	0.13	6.45	7750.0	0.129217524017	4.42363998739e-08	0.130813041816	7.73630039066e-08	6.43142581336	5.69159704074e-06	6.49482100541	4.79142839374e-06	90.0	0.0	90.0	0.0
11	0.13	6.45	8000.0	0.129223693188	4.05416085067e-08	0.13081080739	6.9849105435e-08	6.43175939925	5.37360574485e-06	6.49475708103	4.13880286499e-06	90.0	0.0	90.0	0.0
11	0.13	6.45	8500.0	0.129304933534	1.98895476206e-08	0.130787085036	8.26807981482e-08	6.43447851993	2.75039715358e-06	6.49384181655	4.7916426182e-06	90.0	0.0	90.0	0.0
11	0.13	6.45	8750.0	0.129343333885	1.08367206903e-08	0.130722093847	3.04153138725e-08	6.43511275912	1.55571397754e-06	6.49018979278	1.36272559127e-06	90.0	0.0	90.0	0.0
12	0.01	9.52	3500.0	0.00994647654367	2.69927015647e-08	0.0100099453898	3.38868443139e-08	9.52735763798	9.09056784093e-05	9.54315752761	2.12754541078e-05	90.0	0.0	90.0	0.0
12	0.01	9.52	3750.0	0.00994930322249	3.78275089253e-08	0.0100097139152	4.37683797279e-08	9.5267416803	0.000134968861958	9.54172547931	3.04149417568e-05	90.0	0.0	90.0	0.0
12	0.01	9.52	4000.0	0.00996382235093	5.33538472782e-09	0.0100088357569	1.78095115144e-07	9.52366804593	1.49137872849e-05	9.53572747964	0.000240617200792	90.0	0.0	90.0	0.0
12	0.01	9.52	4250.0	0.00998231130138	1.27971869368e-09	0.0100054106178	1.29691265447e-08	9.52065771923	3.23210624827e-06	9.52759190864	2.21116591178e-06	90.0	0.0	90.0	0.0
12	0.01	9.52	4500.0	0.00998522377471	3.07689564361e-10	0.0100036905259	6.56017314622e-08	9.52057244783	3.11878983568e-07	9.52605917193	8.66469328039e-05	90.0	0.0	90.0	0.0
12	0.01	9.52	4750.0	0.00998008030649	1.36666244568e-09	0.0100039976853	2.04449819501e-08	9.52162205833	3.72106716431e-06	9.52848914731	5.24213986473e-06	90.0	0.0	90.0	0.0
12	0.01	9.52	5000.0	0.00997395235019	3.87206077701e-09	0.0100044736886	3.23487168069e-08	9.52277628596	7.79394154938e-06	9.53113187849	1.29995614322e-05	90.0	0.0	90.0	0.0
12	0.01	9.52	5250.0	0.00996811408975	5.68137495995e-09	0.0100048951273	3.12513125641e-08	9.52393295527	1.35278634552e-05	9.5334700183	1.46018779317e-05	90.0	0.0	90.0	0.0
12	0.01	9.52	5500.0	0.00996337151068	1.10687512637e-08	0.0100051695059	9.45211378257e-08	9.52495870989	2.80333262141e-05	9.53521416954	0.000108843658779	90.0	0.0	90.0	0.0
12	0.01	9.52	5750.0	0.00995968894449	2.31400175312e-08	0.0100054960781	1.39579489285e-07	9.52580320657	9.42715728479e-05	9.53657825126	0.000173664651169	90.0	0.0	90.0	0.0
12	0.01	9.52	6000.0	0.00995677290144	3.30037970344e-08	0.0100059683022	6.5499556295e-08	9.52647859497	0.000122600634387	9.53757338418	7.34464237753e-05	90.0	0.0	90.0	0.0
12	0.01	9.52	6250.0	0.00995505775897	3.49570978411e-08	0.0100062178526	6.80973876793e-08	9.52693043654	0.000116312595531	9.53800368944	7.27072557269e-05	90.0	0.0	90.0	0.0
12	0.01	9.52	6500.0	0.00995435637754	1.22082900763e-08	0.0100063573036	1.34325892491e-07	9.52721139092	3.28292107673e-05	9.53799701336	0.000114458278722	90.0	0.0	90.0	0.0
12	0.01	9.52	6750.0	0.0099537494846	1.87826303891e-08	0.0100064803029	9.01445887453e-08	9.52738305982	4.67793515604e-05	9.53805280885	9.06528738087e-05	90.0	0.0	90.0	0.0
12	0.01	9.52	7000.0	0.00995314864694	2.87241217952e-08	0.0100065539611	3.27156535886e-08	9.52746529319	0.000106865510468	9.53815665367	3.33424764954e-05	90.0	0.0	90.0	0.0
12	0.01	9.52	7250.0	0.00995245292832	1.65806151487e-08	0.0100065436447	9.17413959231e-08	9.5277365162	3.99163913721e-05	9.53825046278	9.32831131579e-05	90.0	0.0	90.0	0.0
12	0.01	9.52	7500.0	0.00995168713804	2.37672142365e-08	0.010006517388	6.42199855782e-08	9.52792558531	5.72512232397e-05	9.538455857	6.56965017099e-05	90.0	0.0	90.0	0.0
12	0.01	9.52	7750.0	0.00995107786958	2.75334081602e-08	0.0100064343599	5.97271398246e-08	9.52809138664	6.67996674509e-05	9.53861231386	5.77631947944e-05	90.0	0.0	90.0	0.0
12	0.01	9.52	8000.0	0.00995138412425	1.52819213396e-08	0.0100061901192	8.15905957221e-08	9.52809010802	3.42323296284e-05	9.53841847256	8.1057933127e-05	90.0	0.0	90.0	0.0
12	0.01	9.52	8500.0	0.00995587437711	3.65710262257e-08	0.010004643289	7.79017176697e-08	9.52726198735	0.000122010843783	9.53677306996	8.73681397385e-05	90.0	0.0	90.0	0.0
12	0.01	9.52	8750.0	0.00995846564099	2.71046911062e-08	0.0100043391456	1.54286657162e-07	9.526740177	9.15307670176e-05	9.53538937242	0.000161899220273	90.0	0.0	90.0	0.0
13	0.07	9.52	3500.0	0.0695836076435	1.23348035749e-08	0.0703948886682	3.08562593489e-08	9.50669635426	6.21748988006e-06	9.58365186188	4.24066292856e-06	90.0	0.0	90.0	0.0
13	0.07	9.52	3750.0	0.0696039454201	1.48081060628e-08	0.0703669036821	1.04525388884e-07	9.50656951921	5.9884688401e-06	9.57887755389	1.69105759189e-05	90.0	0.0	90.0	0.0
13	0.07	9.52	4000.0	0.0697097666954	7.17742419092e-09	0.070254401947	6.45874976428e-08	9.50614501738	4.03954301656e-06	9.55974610658	1.01729129797e-05	90.0	0.0	90.0	0.0
13	0.07	9.52	4250.0	0.0698527327134	1.71967590168e-10	0.0701052048607	2.04338454952e-08	9.51013942474	1.25773317314e-06	9.53611569518	3.519238812e-06	90.0	0.0	90.0	0.0
13	0.07	9.52	4500.0	0.0698786110014	1.03460837817e-09	0.070088894571	2.19435960042e-08	9.51260481646	5.06798286304e-07	9.53426943402	4.76899861725e-06	90.0	0.0	90.0	0.0
13	0.07	9.52	4750.0	0.0698412645639	1.03799472824e-09	0.0701428966587	3.24898331069e-08	9.51270221733	4.49054557704e-07	9.54330688208	5.01059939218e-06	90.0	0.0	90.0	0.0
13	0.07	9.52	5000.0	0.0697959824273	1.28482908159e-09	0.0701979451986	4.16407990068e-08	9.5124024418	7.10232275184e-07	9.55247622392	5.38917071998e-06	90.0	0.0	90.0	0.0
13	0.07	9.52	5250.0	0.069752824166	9.11530774728e-10	0.070244369536	8.31754681268e-08	9.51220835432	6.66813613587e-07	9.56022056265	1.32890365765e-05	90.0	0.0	90.0	0.0
13	0.07	9.52	5500.0	0.0697179647345	2.35152079342e-10	0.0702779107909	7.85308637525e-08	9.51226252045	7.67293707494e-07	9.56580290093	1.02911666614e-05	90.0	0.0	90.0	0.0
13	0.07	9.52	5750.0	0.0696908391408	3.32774199796e-10	0.0703005119648	1.28256899044e-07	9.51237001541	1.09734723401e-06	9.5694773816	1.92859495703e-05	90.0	0.0	90.0	0.0
13	0.07	9.52	6000.0	0.0696688089786	7.9216444504e-10	0.0703142331414	1.01575713539e-07	9.51228420807	1.72043571219e-06	9.57153163126	1.37142362155e-05	90.0	0.0	90.0	0.0
13	0.07	9.52	6250.0	0.0696557780713	5.94337274795e-10	0.0703192607702	8.64894826751e-08	9.51230535385	2.09475333001e-06	9.57217077953	1.20379637596e-05	90.0	0.0	90.0	0.0
13	0.07	9.52	6500.0	0.0696499550428	6.64062704958e-10	0.0703166628085	9.20206949921e-08	9.51226988722	2.0709365501e-06	9.57155109452	1.30905409971e-05	90.0	0.0	90.0	0.0
13	0.07	9.52	6750.0	0.0696452649123	8.1343986873e-10	0.0703154288345	1.27967053453e-07	9.51231523143	2.51563970343e-06	9.57122894759	1.78663980601e-05	90.0	0.0	90.0	0.0
13	0.07	9.52	7000.0	0.0696409793677	1.05798230849e-09	0.0703152584626	1.05649284777e-07	9.51241906632	2.0783535288e-06	9.57115396341	1.51580182667e-05	90.0	0.0	90.0	0.0
13	0.07	9.52	7250.0	0.0696356729975	1.096888875e-09	0.070316509729	1.02801626088e-07	9.51252037784	2.30161540667e-06	9.57134234289	1.38845055944e-05	90.0	0.0	90.0	0.0
13	0.07	9.52	7500.0	0.0696304116366	4.7256776079e-10	0.0703195319191	8.15840987297e-08	9.51274629264	1.68839626265e-06	9.57189529356	1.08336462538e-05	90.0	0.0	90.0	0.0
13	0.07	9.52	7750.0	0.0696264120044	1.18043277959e-09	0.0703223328051	6.88405426368e-08	9.51301772619	1.60001162191e-06	9.57243643222	9.23847216427e-06	90.0	0.0	90.0	0.0
13	0.07	9.52	8000.0	0.0696292630669	1.68387652082e-09	0.0703202902765	7.80822147536e-08	9.51332784765	1.89875375313e-06	9.57222515711	1.17409984902e-05	90.0	0.0	90.0	0.0
13	0.07	9.52	8500.0	0.0696666228438	1.25479520328e-09	0.0703014944303	1.02943001142e-07	9.51503947325	1.39254035185e-06	9.56994052426	1.5629967681e-05	90.0	0.0	90.0	0.0
13	0.07	9.52	8750.0	0.0696851805365	1.3121225397e-08	0.0702772392789	1.37754858094e-07	9.5149259075	2.89474672671e-06	9.56585277618	2.17583392696e-05	90.0	0.0	90.0	0.0
14	0.13	9.52	3500.0	0.12913648002	1.56384659952e-08	0.131001867242	6.02103892459e-08	9.48501393978	3.74659701565e-06	9.60125353408	4.78551959821e-06	90.0	0.0	90.0	0.0
14	0.13	9.52	3750.0	0.129178245641	1.11379055261e-08	0.130924223154	5.60629930079e-08	9.48598284184	2.56237493848e-06	9.59476650706	6.50382561108e-06	90.0	0.0	90.0	0.0
14	0.13	9.52	4000.0	0.12939942949	1.88449151656e-08	0.130618501459	2.73267971867e-08	9.49161494493	4.04585190871e-06	9.56929954445	1.89569794691e-06	90.0	0.0	90.0	0.0
14	0.13	9.52	4250.0	0.129699343929	2.85327440475e-09	0.130249294426	7.11718080431e-09	9.50376608256	7.51473803223e-07	9.53971448126	6.12522799968e-07	90.0	0.0	90.0	0.0
14	0.13	9.52	4500.0	0.129754184449	3.50916101577e-10	0.130232913128	1.02197087131e-08	9.5076202958	3.5832832527e-07	9.53894056488	1.03002937316e-06	90.0	0.0	90.0	0.0
14	0.13	9.52	4750.0	0.129676406488	1.09351766828e-09	0.130384436149	2.09107398108e-08	9.50551453512	5.18547471554e-07	9.5514405713	1.21415363251e-06	90.0	0.0	90.0	0.0
14	0.13	9.52	5000.0	0.129582036437	7.24516287898e-09	0.130533691435	1.16121361093e-07	9.50262585625	1.23254691132e-06	9.56373918624	9.92856385471e-06	90.0	0.0	90.0	0.0
14	0.13	9.52	5250.0	0.129491619079	1.36726199079e-08	0.130656139956	2.80322682389e-08	9.49993236336	2.86674403031e-06	9.57384073577	2.74326774978e-06	90.0	0.0	90.0	0.0
14	0.13	9.52	5500.0	0.129417870421	4.93261021308e-09	0.130741264413	4.73495969334e-08	9.49788509672	1.0330828868e-06	9.58085071856	3.41554120457e-06	90.0	0.0	90.0	0.0
14	0.13	9.52	5750.0	0.129359689357	7.12157566878e-09	0.13079396208	1.22941422229e-07	9.49627484305	1.90026902075e-06	9.58512305653	1.07800268557e-05	90.0	0.0	90.0	0.0
14	0.13	9.52	6000.0	0.129311605166	1.53316863488e-08	0.130819192297	1.66606243478e-07	9.4947284949	3.36471984774e-06	9.587028084	1.50672366992e-05	90.0	0.0	90.0	0.0
14	0.13	9.52	6250.0	0.129282432809	1.92496273711e-08	0.130823068537	1.25496843171e-07	9.49381850923	4.27199900753e-06	9.58719112669	1.22970263483e-05	90.0	0.0	90.0	0.0
14	0.13	9.52	6500.0	0.129268561337	1.79645614277e-08	0.130808029248	1.82903633314e-07	9.49330421231	3.45923472593e-06	9.58580885532	1.5731937815e-05	90.0	0.0	90.0	0.0
14	0.13	9.52	6750.0	0.129257493132	2.23506544419e-08	0.130799487858	1.06823905966e-07	9.49297745519	4.51553556388e-06	9.58501242726	9.3448987712e-06	90.0	0.0	90.0	0.0
14	0.13	9.52	7000.0	0.129247671009	2.03463383117e-08	0.130796122631	2.29326967953e-08	9.4927762372	4.05115327274e-06	9.58469428581	2.67300265923e-06	90.0	0.0	90.0	0.0
14	0.13	9.52	7250.0	0.129235907595	2.63110580851e-08	0.13079736774	9.82236205349e-08	9.49254302572	5.18307897517e-06	9.58477742005	9.54294129309e-06	90.0	0.0	90.0	0.0
14	0.13	9.52	7500.0	0.129224549982	3.38677393277e-08	0.130805422946	1.77697020584e-07	9.49246325615	6.85062648271e-06	9.58547335482	1.62569648403e-05	90.0	0.0	90.0	0.0
14	0.13	9.52	7750.0	0.12921595788	3.07282678919e-08	0.130813673349	2.17017975071e-07	9.4925037385	6.138378697e-06	9.58620071486	1.94059130722e-05	90.0	0.0	90.0	0.0
14	0.13	9.52	8000.0	0.12922213648	2.73756374637e-08	0.130811432125	1.98931459611e-07	9.49299803687	5.38869224138e-06	9.58610518954	1.73604486101e-05	90.0	0.0	90.0	0.0
14	0.13	9.52	8500.0	0.129303505999	1.12490904946e-08	0.130787650794	2.70051594418e-08	9.49701708159	2.01115036107e-06	9.58474867066	1.86174579836e-06	90.0	0.0	90.0	0.0
14	0.13	9.52	8750.0	0.129342001024	7.62851390337e-09	0.130722676635	7.30949931645e-08	9.4979588996	2.10051446995e-06	9.57936124699	5.90656931932e-06	90.0	0.0	90.0	0.0
15	0.01	18.18	3500.0	0.0099463802749	3.64969069187e-08	0.0100099975792	2.51489385576e-08	18.1939611025	0.000258552351306	18.22428217	2.56891309651e-05	90.0	0.0	90.0	0.0
15	0.01	18.18	3750.0	0.00994922432637	2.10929444723e-08	0.010009747035	4.29921933312e-08	18.1928764436	0.000170576736051	18.2215228019	5.0434876717e-05	90.0	0.0	90.0	0.0
15	0.01	18.18	4000.0	0.00996376752972	7.54587514333e-09	0.0100088714097	6.36035729157e-08	18.1869976195	3.44603590381e-05	18.2100874504	7.53165374904e-05	90.0	0.0	90.0	0.0
15	0.01	18.18	4250.0	0.00998228668863	7.04785157035e-10	0.0100054130681	1.7491211809e-08	18.1812502625	3.94531551971e-06	18.1944979333	2.25476175877e-05	90.0	0.0	90.0	0.0
15	0.01	18.18	4500.0	0.00998520282194	2.05562131717e-10	0.0100037043161	1.51650768721e-08	18.1810867417	1.17258367542e-06	18.1915847709	1.96517413091e-05	90.0	0.0	90.0	0.0
15	0.01	18.18	4750.0	0.00998005038446	1.59953331054e-09	0.0100040138848	1.34189662721e-08	18.1830901156	6.64705202145e-06	18.1962262565	1.2340773942e-05	90.0	0.0	90.0	0.0
15	0.01	18.18	5000.0	0.00997391265017	3.23666411053e-09	0.010004500519	2.6607218455e-08	18.1852963103	1.1666480219e-05	18.2012862457	2.60508943942e-05	90.0	0.0	90.0	0.0
15	0.01	18.18	5250.0	0.00996806462369	3.90585777861e-09	0.0100049292545	3.44378136586e-08	18.187505254	1.67137891128e-05	18.2057646614	3.6411082516e-05	90.0	0.0	90.0	0.0
15	0.01	18.18	5500.0	0.00996331220446	3.52426766284e-09	0.0100052087957	9.00849540556e-08	18.1894614527	1.47599899568e-05	18.2091074901	0.000186283324725	90.0	0.0	90.0	0.0
15	0.01	18.18	5750.0	0.00995962461444	1.39921049922e-08	0.0100054660658	2.1546287417e-07	18.1910845065	6.64668758705e-05	18.2115048471	0.00052363356404	90.0	0.0	90.0	0.0
15	0.01	18.18	6000.0	0.00995670282523	2.70208757734e-08	0.0100059253708	1.44998398165e-07	18.1923743368	0.000210296571579	18.2134445033	0.000337950005749	90.0	0.0	90.0	0.0
15	0.01	18.18	6250.0	0.00995498104433	2.95541895596e-08	0.0100062455346	7.27094489875e-08	18.1932124989	0.000216041632488	18.2143986195	0.000140459317492	90.0	0.0	90.0	0.0
15	0.01	18.18	6500.0	0.00995425675721	2.92871327394e-08	0.0100064225736	5.80909037993e-08	18.1936135997	0.00021586366916	18.2144644768	0.000101984090766	90.0	0.0	90.0	0.0
15	0.01	18.18	6750.0	0.00995365112211	3.14398769402e-08	0.0100065058212	8.34229783346e-08	18.1939598256	0.000216626075872	18.2144967621	0.000166495251918	90.0	0.0	90.0	0.0
15	0.01	18.18	7000.0	0.00995307601128	2.3817543171e-08	0.0100065424822	8.17820778273e-08	18.1943169914	0.000152364293786	18.2146141979	0.000170453132673	90.0	0.0	90.0	0.0
15	0.01	18.18	7250.0	0.00995235360394	2.50057907438e-08	0.0100065777406	8.29163951458e-08	18.1946766841	0.000151286124981	18.2148868858	0.00016263033955	90.0	0.0	90.0	0.0
15	0.01	18.18	7500.0	0.00995160197036	2.07547505981e-08	0.0100065249604	9.38829565929e-08	18.1951257144	0.000116202147387	18.2152289219	0.000179151634897	90.0	0.0	90.0	0.0
15	0.01	18.18	7750.0	0.00995099208303	2.37380884656e-08	0.0100064484322	8.02125981473e-08	18.1954531862	0.000120441530074	18.2155288523	0.000160454923382	90.0	0.0	90.0	0.0
15	0.01	18.18	8000.0	0.00995129456158	1.850941401e-08	0.0100062083002	1.07494757008e-07	18.1954292541	9.5790558951e-05	18.2151796807	0.000205906243255	90.0	0.0	90.0	0.0
15	0.01	18.18	8500.0	0.00995579981	2.45052300008e-08	0.0100046533719	9.6122443567e-08	18.193873813	0.000178805219949	18.2120122893	0.000209582611731	90.0	0.0	90.0	0.0
15	0.01	18.18	8750.0	0.00995839471334	2.46964533522e-08	0.0100043826208	6.62767380381e-08	18.1928762253	0.000184298404366	18.2094481553	5.27175840748e-05	90.0	0.0	90.0	0.0
16	0.07	18.18	3500.0	0.069583026552	2.62776304496e-09	0.07039511205	2.0998097503e-07	18.1545173216	2.95633041991e-06	18.3015976907	6.69418406634e-05	90.0	0.0	90.0	0.0
16	0.07	18.18	3750.0	0.0696033985219	2.29454705429e-09	0.070367006359	1.86592016409e-07	18.1542781909	1.65637735145e-06	18.2924481429	5.5820778864e-05	90.0	0.0	90.0	0.0
16	0.07	18.18	4000.0	0.0697094158534	7.81497269497e-10	0.070254570632	7.61622298177e-08	18.1534914219	1.18979332473e-06	18.2559415731	2.38192657564e-05	90.0	0.0	90.0	0.0
16	0.07	18.18	4250.0	0.0698525840806	2.33594914665e-09	0.0701052482677	1.08930646635e-08	18.1611434824	2.93256584506e-06	18.2107819698	1.99705343198e-06	90.0	0.0	90.0	0.0
16	0.07	18.18	4500.0	0.0698784812736	4.39101937744e-10	0.0700889584765	2.23259128363e-08	18.165856015	2.05505186914e-06	18.2072640802	3.0638302771e-06	90.0	0.0	90.0	0.0
16	0.07	18.18	4750.0	0.0698410680179	5.38238722725e-10	0.0701430392687	3.69385927734e-08	18.1660325352	2.30878926608e-06	18.224540504	1.0495433486e-05	90.0	0.0	90.0	0.0
16	0.07	18.18	5000.0	0.0697957094758	8.02356086371e-10	0.0701981314118	9.1677869227e-08	18.1654486675	2.0220769067e-06	18.2420583038	2.64168962344e-05	90.0	0.0	90.0	0.0
16	0.07	18.18	5250.0	0.0697524774438	2.48419516777e-09	0.0702445936237	9.94073356363e-08	18.1650706087	3.57981925147e-06	18.256858504	3.12054704169e-05	90.0	0.0	90.0	0.0
16	0.07	18.18	5500.0	0.0697175541164	2.91535375834e-09	0.0702780901249	2.45906482246e-08	18.1651672067	3.6635688186e-06	18.2675016394	6.14723665136e-06	90.0	0.0	90.0	0.0
16	0.07	18.18	5750.0	0.0696903771388	4.02122955507e-09	0.0703007063193	2.0223644296e-07	18.1653690377	4.52987749005e-06	18.2745262993	6.24327248002e-05	90.0	0.0	90.0	0.0
16	0.07	18.18	6000.0	0.06966830679	6.93306067316e-09	0.0703144988277	1.59900895218e-07	18.1652025183	6.47073477828e-06	18.2784688808	5.06642857665e-05	90.0	0.0	90.0	0.0
16	0.07	18.18	6250.0	0.0696552503727	8.75676104168e-09	0.0703194924483	1.37270701059e-07	18.1652430604	8.16057046011e-06	18.2796775594	4.16103314939e-05	90.0	0.0	90.0	0.0
16	0.07	18.18	6500.0	0.069649411208	6.3890171081e-09	0.0703169196006	1.43739133533e-07	18.165173777	6.01903858244e-06	18.2785057093	4.63905583835e-05	90.0	0.0	90.0	0.0
16	0.07	18.18	6750.0	0.0696447110663	8.12675656117e-09	0.0703156533232	1.43961740496e-07	18.1652619475	7.59398678145e-06	18.2778805347	4.45412338008e-05	90.0	0.0	90.0	0.0
16	0.07	18.18	7000.0	0.0696404124874	6.91039206098e-09	0.0703155123051	1.20595389914e-07	18.1654582294	6.44450946384e-06	18.2777458665	3.86403907549e-05	90.0	0.0	90.0	0.0
16	0.07	18.18	7250.0	0.0696350938974	8.63264035749e-09	0.0703167546887	1.40902724709e-07	18.1656520714	7.6946623247e-06	18.2781029723	4.5888147793e-05	90.0	0.0	90.0	0.0
16	0.07	18.18	7500.0	0.0696298211647	9.63895947039e-09	0.0703197410235	1.25905616759e-07	18.1660864936	9.0962905689e-06	18.2791490306	3.8482745261e-05	90.0	0.0	90.0	0.0
16	0.07	18.18	7750.0	0.0696258084034	8.4924425348e-09	0.0703225789441	1.36995175977e-07	18.1666027742	7.71532093722e-06	18.2801871312	4.37244768306e-05	90.0	0.0	90.0	0.0
16	0.07	18.18	8000.0	0.0696286598548	7.67902571031e-09	0.0703205408138	1.41588766345e-07	18.1671950601	7.43211932331e-06	18.2797866309	4.54689920612e-05	90.0	0.0	90.0	0.0
16	0.07	18.18	8500.0	0.0696660709523	2.58694100888e-09	0.070301710254	1.33859383553e-07	18.1704663393	3.64897530604e-06	18.2754164502	4.32216238935e-05	90.0	0.0	90.0	0.0
16	0.07	18.18	8750.0	0.0696846641467	3.8981389481e-09	0.0702774846602	2.93556126288e-08	18.1702556139	5.44239378894e-06	18.2676167933	7.43185656111e-06	90.0	0.0	90.0	0.0
17	0.13	18.18	3500.0	0.129135563463	5.06447672246e-09	0.13100223411	1.42478163463e-07	18.1130837176	2.53034604715e-06	18.3352166776	2.35426152624e-05	90.0	0.0	90.0	0.0
17	0.13	18.18	3750.0	0.129177373928	3.11373165284e-08	0.130924771163	6.35810382892e-08	18.1149315195	9.81685317746e-06	18.3228595392	9.01803745432e-06	90.0	0.0	90.0	0.0
17	0.13	18.18	4000.0	0.129398874984	1.99180261777e-09	0.130618776498	7.86438025518e-08	18.1257210569	1.1367299984e-06	18.274185221	1.14637770154e-05	90.0	0.0	90.0	0.0
17	0.13	18.18	4250.0	0.129699121551	6.31304817216e-09	0.13024942129	1.81381891903e-08	18.1489679887	2.45240224676e-06	18.2176665009	2.92670332103e-06	90.0	0.0	90.0	0.0
17	0.13	18.18	4500.0	0.12975397912	2.94838816042e-09	0.130233082975	1.26175089108e-08	18.1563299458	2.38545637909e-06	18.2161945765	2.09322753314e-06	90.0	0.0	90.0	0.0
17	0.13	18.18	4750.0	0.129676091511	5.64384759081e-09	0.130384733939	4.39849581553e-08	18.1522950633	3.39245952516e-06	18.2400840336	5.61774434628e-06	90.0	0.0	90.0	0.0
17	0.13	18.18	5000.0	0.129581601401	2.53219943294e-09	0.130534041239	4.6752549163e-08	18.1467664103	1.29723156032e-06	18.2635760097	6.95833914879e-06	90.0	0.0	90.0	0.0
17	0.13	18.18	5250.0	0.129491060272	6.06439957924e-09	0.130656635259	6.69769953325e-08	18.1416077146	2.53735322697e-06	18.2828897859	8.65274910564e-06	90.0	0.0	90.0	0.0
17	0.13	18.18	5500.0	0.129417200424	1.20255901283e-08	0.130741735156	9.36766838757e-08	18.1376857347	4.53644701378e-06	18.2962716644	1.5339147662e-05	90.0	0.0	90.0	0.0
17	0.13	18.18	5750.0	0.12935895141	2.40181246209e-08	0.130794458889	6.52192355434e-08	18.1346096433	8.55485986302e-06	18.3044335908	9.69467235549e-06	90.0	0.0	90.0	0.0
17	0.13	18.18	6000.0	0.129310818287	6.18623476931e-09	0.130819590252	3.15624423033e-08	18.1316560876	1.91385099815e-06	18.308055289	5.01191264615e-06	90.0	0.0	90.0	0.0
17	0.13	18.18	6250.0	0.12928160214	6.63929278848e-09	0.130823413967	2.44178600951e-08	18.1299154894	1.93662240605e-06	18.308360233	3.42426276604e-06	90.0	0.0	90.0	0.0
17	0.13	18.18	6500.0	0.129267719411	7.88289277407e-09	0.130808508789	4.24130588308e-08	18.1289364736	4.10237024375e-06	18.3057420375	6.0591025067e-06	90.0	0.0	90.0	0.0
17	0.13	18.18	6750.0	0.129256630934	6.70474301958e-09	0.130799944578	5.71046812329e-08	18.1283109625	2.99603945772e-06	18.3042179423	8.45592404877e-06	90.0	0.0	90.0	0.0
17	0.13	18.18	7000.0	0.12924679831	6.35146340269e-09	0.130796591784	6.15343780513e-08	18.1279287528	3.92636276511e-06	18.3036139618	9.18693056454e-06	90.0	0.0	90.0	0.0
17	0.13	18.18	7250.0	0.129235012759	7.22132329054e-09	0.130797838138	5.37820634494e-08	18.1274818327	4.3601817268e-06	18.3037728199	8.17000689978e-06	90.0	0.0	90.0	0.0
17	0.13	18.18	7500.0	0.129223625649	8.14973050944e-09	0.130805791159	5.84579938251e-08	18.127325782	5.25783713418e-06	18.3050838924	8.39611121139e-06	90.0	0.0	90.0	0.0
17	0.13	18.18	7750.0	0.129215019889	9.0901105243e-09	0.130814044024	4.53590637237e-08	18.12740423	5.67312306498e-06	18.3064738244	5.73396575045e-06	90.0	0.0	90.0	0.0
17	0.13	18.18	8000.0	0.129221202489	4.56632113894e-09	0.130811815673	4.98184663693e-08	18.1283492029	3.18810588044e-06	18.3062935454	6.41051925939e-06	90.0	0.0	90.0	0.0
17	0.13	18.18	8500.0	0.129302624934	3.00239564585e-08	0.130788187176	4.47994081845e-08	18.1360234061	1.14508874093e-05	18.3037269641	7.12340118816e-06	90.0	0.0	90.0	0.0
17	0.13	18.18	8750.0	0.129341177482	3.38428513913e-08	0.130722956092	1.11204934352e-07	18.1378274443	1.12452380571e-05	18.2933935628	2.46823631257e-05	90.0	0.0	90.0	0.0
18	0.01	200	3500.0	0.00994634986421	3.62497069851e-08	0.0100100048665	3.8196340766e-08	200.153631222	0.00283711961353	200.48729702	0.000372056094671	90.0	0.0	90.0	0.0
18	0.01	200	3750.0	0.00994920890513	1.3376976881e-08	0.0100097470388	5.63514696075e-08	200.142933048	0.00086181445787	200.456892858	0.000677997225165	90.0	0.0	90.0	0.0
18	0.01	200	4000.0	0.00996374643026	3.92468574013e-09	0.0100088849457	9.24426824717e-08	200.076913075	0.000190178773849	200.331218466	0.00238866573458	90.0	0.0	90.0	0.0
18	0.01	200	4250.0	0.00998227746349	6.05021898115e-10	0.0100053773331	6.81368746313e-08	200.013729595	3.14188934712e-05	200.158705299	0.00139122624869	90.0	0.0	90.0	0.0
18	0.01	200	4500.0	0.00998519491807	2.92527117329e-10	0.0100037097277	3.27463355037e-08	200.011931946	1.81785752532e-05	200.12750383	0.000520089215999	90.0	0.0	90.0	0.0
18	0.01	200	4750.0	0.00998003949908	1.26651879231e-09	0.0100040169706	1.50727960757e-08	200.033978728	4.9326287791e-05	200.17854092	0.000191191824318	90.0	0.0	90.0	0.0
18	0.01	200	5000.0	0.00997389807225	2.85708312269e-09	0.0100045004088	3.30729080065e-08	200.058240314	0.000112456478252	200.234171419	0.000366010936975	90.0	0.0	90.0	0.0
18	0.01	200	5250.0	0.0099680465548	6.55301221659e-09	0.01000493815	2.31863316664e-08	200.082563161	0.000282636603089	200.283561975	0.000339786037781	90.0	0.0	90.0	0.0
18	0.01	200	5500.0	0.00996329033545	9.21371880351e-09	0.0100052199741	1.88757625053e-08	200.104078667	0.000466557045284	200.320417773	0.000162123034377	90.0	0.0	90.0	0.0
18	0.01	200	5750.0	0.00995960030207	1.02261849656e-08	0.010005484615	1.96292921083e-07	200.121933429	0.000492203167014	200.346802792	0.00554900718126	90.0	0.0	90.0	0.0
18	0.01	200	6000.0	0.00995667648897	1.83540973597e-08	0.0100059032027	1.79302511652e-07	200.136134565	0.00166260109055	200.367072319	0.00425168176849	90.0	0.0	90.0	0.0
18	0.01	200	6250.0	0.00995495410598	2.83697143277e-08	0.0100062166847	1.47209672579e-07	200.145379483	0.00235576409557	200.377637994	0.00293562936712	90.0	0.0	90.0	0.0
18	0.01	200	6500.0	0.00995422846469	2.90446950612e-08	0.0100064080094	1.11969819856e-07	200.149793186	0.00239409669436	200.378593031	0.00211538138218	90.0	0.0	90.0	0.0
18	0.01	200	6750.0	0.00995362189117	2.83435429921e-08	0.0100065227435	8.12499491184e-08	200.153580356	0.00227779475285	200.379658678	0.00178061452278	90.0	0.0	90.0	0.0
18	0.01	200	7000.0	0.00995304085862	2.8996673842e-08	0.0100065422878	9.17742645713e-08	200.157050073	0.00216751884627	200.380797026	0.00194511133678	90.0	0.0	90.0	0.0
18	0.01	200	7250.0	0.00995233398157	1.81071996347e-08	0.0100065632456	1.22985760815e-07	200.162218747	0.00115126323949	200.38319575	0.00282341638672	90.0	0.0	90.0	0.0
18	0.01	200	7500.0	0.00995155604865	2.56598920852e-08	0.0100065401674	8.51353511896e-08	200.165447119	0.00173823810656	200.38775415	0.00184177435581	90.0	0.0	90.0	0.0
18	0.01	200	7750.0	0.00995096557701	1.36283348173e-08	0.0100064166782	1.45693690415e-07	200.170318554	0.000827471064894	200.389985022	0.00322179520439	90.0	0.0	90.0	0.0
18	0.01	200	8000.0	0.00995124150304	3.07748625084e-08	0.0100062390209	7.37245194772e-08	200.168269201	0.0021498406797	200.38749941	0.00153706448355	90.0	0.0	90.0	0.0
18	0.01	200	8500.0	0.00995577258509	3.12871730122e-08	0.0100045596688	1.58977295684e-07	200.152716753	0.00243432386937	200.34928893	0.00445038845553	90.0	0.0	90.0	0.0
18	0.01	200	8750.0	0.00995836824158	1.35372617033e-08	0.0100043988865	8.04205878244e-08	200.141672984	0.000637771867063	200.324211462	0.00182180125125	90.0	0.0	90.0	0.0
19	0.07	200	3500.0	0.0695828071748	3.25436850108e-09	0.0703952516805	1.73466431043e-07	199.719339079	4.33920848912e-05	201.338069764	0.000631172685212	90.0	0.0	90.0	0.0
19	0.07	200	3750.0	0.0696031922171	2.4938131723e-09	0.0703671255002	1.52516759646e-07	199.716718013	3.6375171339e-05	201.237328618	0.000567534320877	90.0	0.0	90.0	0.0
19	0.07	200	4000.0	0.0697092811221	1.57303754502e-09	0.070254539427	6.04767437108e-08	199.708142686	1.83227303053e-05	200.835288389	0.000218343487102	90.0	0.0	90.0	0.0
19	0.07	200	4250.0	0.0698525301606	5.09791686765e-09	0.0701052723446	7.03566396922e-09	199.792463759	4.57325750317e-05	200.338713281	2.34646922097e-05	90.0	0.0	90.0	0.0
19	0.07	200	4500.0	0.0698784333638	1.53036686763e-09	0.0700889868577	3.02928665288e-08	199.844309109	2.14082924715e-05	200.299979746	7.53977984173e-05	90.0	0.0	90.0	0.0
19	0.07	200	4750.0	0.0698409948615	1.46715373777e-09	0.0701430857597	4.97550535776e-08	199.846204801	1.70674880742e-05	200.490107407	0.000155163777486	90.0	0.0	90.0	0.0
19	0.07	200	5000.0	0.0697956085723	2.87980868705e-09	0.070198180163	1.22155232496e-07	199.839752625	3.00738954319e-05	200.682817255	0.000404965277718	90.0	0.0	90.0	0.0
19	0.07	200	5250.0	0.0697523477251	3.1888410718e-09	0.0702446022144	1.32311648412e-07	199.835539724	2.33154011642e-05	200.845485179	0.000457462546342	90.0	0.0	90.0	0.0
19	0.07	200	5500.0	0.069717401789	5.41013264861e-09	0.0702781810777	6.03290273778e-08	199.836590814	4.06698063017e-05	200.962845944	0.000169746549681	90.0	0.0	90.0	0.0
19	0.07	200	5750.0	0.0696902050775	6.22202805991e-09	0.0703007501477	9.08801636315e-08	199.838792467	4.96379189542e-05	201.039958348	0.000328551299135	90.0	0.0	90.0	0.0
19	0.07	200	6000.0	0.0696681241955	1.48193768327e-08	0.0703145296869	2.31956722513e-07	199.836991199	0.000117204221558	201.083286903	0.000775411032019	90.0	0.0	90.0	0.0
19	0.07	200	6250.0	0.0696550581184	1.83484931668e-08	0.0703195477525	2.18046677212e-07	199.837443153	0.000156871955695	201.096654686	0.000762394013738	90.0	0.0	90.0	0.0
19	0.07	200	6500.0	0.0696492137485	1.52969288965e-08	0.0703169517424	2.05934333941e-07	199.836682715	0.000126339612336	201.083699572	0.00072068419219	90.0	0.0	90.0	0.0
19	0.07	200	6750.0	0.0696445075878	1.59012918941e-08	0.0703157140223	2.32051204528e-07	199.837632145	0.000123791649197	201.076923503	0.000768551410702	90.0	0.0	90.0	0.0
19	0.07	200	7000.0	0.069640203291	1.08163966643e-08	0.0703155727522	1.33075911393e-07	199.83977688	7.7185659466e-05	201.075452879	0.000487361719081	90.0	0.0	90.0	0.0
19	0.07	200	7250.0	0.0696348786548	1.03188321653e-08	0.0703168357381	1.31194671385e-07	199.841899518	7.64659018597e-05	201.079450271	0.00047524582102	90.0	0.0	90.0	0.0
19	0.07	200	7500.0	0.0696296016861	1.25622669458e-08	0.0703198292626	1.30246321357e-07	199.846681636	0.000111279436824	201.090956108	0.00050195979368	90.0	0.0	90.0	0.0
19	0.07	200	7750.0	0.0696255864662	1.57582426768e-08	0.0703226400295	1.72779726062e-07	199.852382869	0.000126864095945	201.102320214	0.000645094353194	90.0	0.0	90.0	0.0
19	0.07	200	8000.0	0.0696284360283	1.10880019223e-08	0.0703206262517	1.57753378108e-07	199.858879727	9.06585213129e-05	201.09797501	0.000566324362254	90.0	0.0	90.0	0.0
19	0.07	200	8500.0	0.0696658686238	7.10772131118e-09	0.07030162109	1.22218271806e-07	199.894893615	7.17090702025e-05	201.049274319	0.00044922373242	90.0	0.0	90.0	0.0
19	0.07	200	8750.0	0.0696844713412	5.98098817899e-09	0.0702775634166	7.39710061918e-08	199.892559031	5.17624419545e-05	200.964080797	0.00020296112761	90.0	0.0	90.0	0.0
20	0.13	200	3500.0	0.129135204227	5.76773141321e-09	0.131002480344	1.67062118161e-08	199.263337747	2.47617116815e-05	201.707917747	2.54521131575e-05	90.0	0.0	90.0	0.0
20	0.13	200	3750.0	0.129177057212	8.54328996454e-09	0.130924956227	5.98802562444e-08	199.283811346	3.98838459582e-05	201.571903953	9.98642212842e-05	90.0	0.0	90.0	0.0
20	0.13	200	4000.0	0.129398665351	7.59029553643e-09	0.130618824463	8.73366709879e-09	199.402572531	4.86140633682e-05	201.036190793	1.01430560916e-05	90.0	0.0	90.0	0.0
20	0.13	200	4250.0	0.129699035423	1.3336186613e-09	0.130249462378	2.24516862859e-08	199.658467082	8.20043561931e-06	200.414436935	4.12710353284e-05	90.0	0.0	90.0	0.0
20	0.13	200	4500.0	0.129753903402	4.6158963624e-09	0.130233122451	3.27149793802e-08	199.73948354	2.74742955963e-05	200.398236396	7.1008841296e-05	90.0	0.0	90.0	0.0
20	0.13	200	4750.0	0.129675979681	1.54200124256e-09	0.130384825932	5.45201904844e-08	199.695059198	1.28439089905e-05	200.661132598	8.65002708342e-05	90.0	0.0	90.0	0.0
20	0.13	200	5000.0	0.129581436057	3.61748981617e-09	0.130534194965	4.60480439934e-08	199.634152613	2.00491296715e-05	200.919668809	7.77440571273e-05	90.0	0.0	90.0	0.0
20	0.13	200	5250.0	0.129490852817	1.25733207707e-08	0.130656806085	6.56932873528e-08	199.577362562	5.61069522227e-05	201.132167256	0.000105941326452	90.0	0.0	90.0	0.0
20	0.13	200	5500.0	0.129416975985	1.39161516934e-08	0.130741819585	1.4917542797e-08	199.53425697	4.07721437872e-05	201.279206794	3.45535797272e-05	90.0	0.0	90.0	0.0
20	0.13	200	5750.0	0.129358679512	5.18387432646e-09	0.130794651569	7.51484988564e-08	199.500313525	3.80698963303e-05	201.369208548	0.000127921913663	90.0	0.0	90.0	0.0
20	0.13	200	6000.0	0.12931050847	3.83181254233e-09	0.130819761551	5.68547187895e-08	199.46775623	1.77655669301e-05	201.409021814	8.30304607278e-05	90.0	0.0	90.0	0.0
20	0.13	200	6250.0	0.129281281355	8.65330165236e-09	0.130823584775	6.36935379312e-08	199.448613612	4.50660237629e-05	201.412372076	9.50052832055e-05	90.0	0.0	90.0	0.0
20	0.13	200	6500.0	0.129267393356	1.21590475128e-08	0.130808662701	7.34342543159e-08	199.437854311	6.3505192686e-05	201.383544316	0.000123193885939	90.0	0.0	90.0	0.0
20	0.13	200	6750.0	0.129256300012	1.45377124377e-08	0.130800101814	6.93481993577e-08	199.430981236	7.93189700778e-05	201.366782809	0.000118019225642	90.0	0.0	90.0	0.0
20	0.13	200	7000.0	0.129246459807	1.54616345904e-08	0.13079673404	8.37800943225e-08	199.426763481	7.96784224863e-05	201.360112932	0.000144327271569	90.0	0.0	90.0	0.0
20	0.13	200	7250.0	0.129234666021	1.53654798938e-08	0.130797960468	1.04908478027e-07	199.421825628	5.64637691505e-05	201.361829404	0.00018106356944	90.0	0.0	90.0	0.0
20	0.13	200	7500.0	0.129223272741	1.66837430303e-08	0.13080594898	7.40267103583e-08	199.420127321	8.44746257242e-05	201.376310984	0.000123570127801	90.0	0.0	90.0	0.0
20	0.13	200	7750.0	0.129214653272	1.19490789945e-08	0.130814193642	8.21614028595e-08	199.420952018	5.80770326773e-05	201.391583834	0.000131983791041	90.0	0.0	90.0	0.0
20	0.13	200	8000.0	0.129220845162	1.82884099376e-08	0.130811991847	5.66843246267e-08	199.431404657	9.58838716958e-05	201.389648438	9.19182674248e-05	90.0	0.0	90.0	0.0
20	0.13	200	8500.0	0.129302321334	6.58177701607e-09	0.130788328959	9.79057506868e-08	199.515938433	4.12781036663e-05	201.361348682	0.00017286405679	90.0	0.0	90.0	0.0
20	0.13	200	8750.0	0.129340889113	2.33922508192e-08	0.130723151208	2.12606770262e-08	199.535811108	9.26254139626e-05	201.247780778	2.2994568868e-05	90.0	0.0	90.0	0.0
